0 0.602701 0.420123 0.0219383 0.0386938
0 0.207487 0.506834 0.02253 0.0375708
0 0.624493 0.771414 0.0289705 0.0531682
0 0.74595 0.418052 0.0224372 0.040405
0 0.924625 0.550136 0.026958 0.0472203
0 0.939574 0.500317 0.0264234 0.0438718
0 0.447267 0.200927 0.0163151 0.0298452
0 0.572009 0.350644 0.019316 0.0349408
0 0.0643274 0.174835 0.0151846 0.0266385
0 0.690433 0.236038 0.0181231 0.0330981
0 0.504741 0.29233 0.0182514 0.0337852
0 0.315772 0.358303 0.0187686 0.0337706
0 0.719413 0.18817 0.0172587 0.0310924
