0 0.176315 0.404772 0.0213209 0.0359461
0 0.501774 0.0817554 0.0141706 0.0257877
0 0.790047 0.0941116 0.0176313 0.031046
0 0.0429955 0.529149 0.0223347 0.0383711
0 0.778093 0.50657 0.027121 0.0483959
0 0.293948 0.252264 0.016898 0.0312748
0 0.635443 0.348523 0.0209507 0.0396948
0 0.445178 0.545139 0.0239907 0.0439428
0 0.441519 0.651855 0.0264888 0.049858
0 0.825998 0.215999 0.0204058 0.0378619
0 0.517324 0.240321 0.0177848 0.0335532
0 0.375046 0.286068 0.032486 0.0387024
0 0.366428 0.283847 0.0163118 0.0345525
