0 0.503802 0.667018 0.0263245 0.0493108
0 0.234616 0.0365026 0.0134424 0.0239336
0 0.973421 0.349386 0.0241002 0.0399512
0 0.745965 0.394392 0.0224681 0.0405754
0 0.249153 0.337476 0.0198349 0.0350972
0 0.763287 0.205687 0.0202278 0.0358812
0 0.561229 0.219004 0.0180519 0.0334147
0 0.540816 0.123115 0.0161029 0.0299591
0 0.605181 0.359011 0.0215764 0.0380063
0 0.376311 0.238027 0.017967 0.0325829
0 0.813364 0.163939 0.0185814 0.0336359
0 0.917345 0.530888 0.0281181 0.0465814
0 0.879262 0.573159 0.028141 0.0502525
