0 0.752574 0.346831 0.0218346 0.0392558
0 0.236168 0.425762 0.0223567 0.0375983
0 0.588127 0.781216 0.0293549 0.0538545
0 0.975408 0.576019 0.0290087 0.047064
0 0.512098 0.164987 0.0164024 0.0302418
0 0.779395 0.444751 0.0236799 0.0413311
0 0.553126 0.267433 0.0181849 0.0330004
0 0.359256 0.300852 0.0189648 0.0331625
0 0.160623 0.081757 0.0140866 0.0250593
0 0.628809 0.41827 0.0218132 0.0383605
0 0.754635 0.241868 0.0199609 0.0351874
0 0.948633 0.626072 0.0292913 0.0507306
0 0.794476 0.195784 0.0182463 0.0325053
