0 0.19631 0.0521184 0.0141173 0.0245376
0 0.966717 0.556724 0.028948 0.048957
0 0.768599 0.214195 0.0203438 0.0364011
0 0.549887 0.737933 0.0290677 0.0536513
0 0.623774 0.386331 0.0219699 0.0385634
0 0.774627 0.417619 0.0243741 0.0426585
0 0.367824 0.265222 0.0182475 0.0335531
0 0.561877 0.236313 0.0184887 0.0340407
0 0.239079 0.381831 0.0220619 0.0364062
0 0.529946 0.135307 0.0174004 0.032151
0 0.890767 0.33716 0.0230487 0.0403801
0 0.814484 0.169021 0.0181959 0.0344355
0 0.933664 0.605837 0.0295245 0.0509564
