0 0.692074 0.813839 0.0306012 0.055813
0 0.515921 0.47161 0.0211035 0.0372347
0 0.417823 0.0542635 0.0116508 0.0214781
0 0.87092 0.366563 0.0205427 0.0363143
0 0.25758 0.317741 0.0171552 0.0290803
0 0.780563 0.389223 0.0206266 0.0358392
0 0.406571 0.272737 0.0165796 0.029971
0 0.95782 0.708571 0.0307538 0.0507611
0 0.662076 0.623626 0.0243251 0.0442846
0 0.240943 0.702874 0.026671 0.0455067
0 0.637311 0.582959 0.0238116 0.0425252
0 0.572506 0.318708 0.0180233 0.0337041
0 0.618548 0.217401 0.0163363 0.0302114
