0 0.939775 0.787292 0.0326792 0.0552786
0 0.243526 0.335254 0.0177841 0.0313429
0 0.619031 0.239629 0.0167962 0.0298312
0 0.187382 0.744874 0.0276665 0.0479281
0 0.645218 0.890416 0.0318957 0.0580282
0 0.397317 0.292045 0.0166952 0.0309148
0 0.491075 0.50693 0.0215869 0.0389811
0 0.870522 0.406275 0.0221799 0.0371645
0 0.66168 0.624658 0.0249404 0.0450713
0 0.621277 0.630102 0.0246796 0.0444495
0 0.773627 0.427718 0.0219894 0.037605
0 0.562351 0.345217 0.0193837 0.0349528
0 0.429905 0.0653803 0.0121484 0.0224245
