0 0.517937 0.806595 0.0297948 0.056134
0 0.152726 0.479478 0.0231552 0.0393123
0 0.553435 0.442329 0.0222911 0.0411177
0 0.884118 0.571236 0.0269521 0.0481814
0 0.585759 0.365807 0.0207513 0.0376964
0 0.280794 0.342348 0.0194063 0.0349208
0 0.670917 0.263943 0.0191422 0.0355709
0 0.697093 0.458653 0.0231918 0.0421412
0 0.477038 0.297907 0.0182035 0.0352675
0 0.860032 0.622225 0.0276503 0.0508916
0 0.434672 0.198802 0.0167829 0.0310896
0 0.707893 0.217545 0.0180944 0.0327707
0 0.071578 0.131612 0.0149647 0.0270773
