0 0.527942 0.808182 0.0326758 0.0617296
0 0.539364 0.459549 0.0247621 0.0459117
0 0.363707 0.0963297 0.0169083 0.0335987
0 0.396466 0.194504 0.0193914 0.0369249
0 0.533047 0.229849 0.0206839 0.0387049
0 0.574706 0.748181 0.0326341 0.0595389
0 0.927293 0.246598 0.0246183 0.0436526
0 0.246369 0.534688 0.0268157 0.0481977
0 0.842876 0.456945 0.0289639 0.0514654
0 0.647347 0.0393633 0.0172783 0.0346833
0 0.869026 0.218673 0.0227753 0.0416446
0 0.18849 0.194971 0.0189909 0.0342956
0 0.462403 0.482111 0.0244684 0.0456899
