0 0.482604 0.099958 0.012010 0.024102
0 0.591279 0.489463 0.022474 0.042704
0 0.720490 0.132333 0.017438 0.028241
0 0.590914 0.489167 0.023943 0.041019
0 0.521805 0.345426 0.020526 0.033778
0 0.454096 0.241588 0.015151 0.030046
0 0.712951 0.246185 0.019411 0.031296
0 0.719667 0.131921 0.017604 0.028880
0 0.482862 0.098019 0.013995 0.024074
0 0.272716 0.233167 0.014443 0.024074
0 0.331099 0.268319 0.026177 0.035306
0 0.150211 0.350759 0.017797 0.033074
0 0.028049 0.440282 0.020224 0.035954
0 0.324836 0.490384 0.023641 0.037157
0 0.296409 0.571287 0.023391 0.039370
