0 0.724062 0.408049 0.0235873 0.0413912
0 0.237353 0.327093 0.0198146 0.0336802
0 0.458467 0.667976 0.0268832 0.0490212
0 0.585875 0.365533 0.0213109 0.0384566
0 0.553895 0.222293 0.0188327 0.0338286
0 0.887035 0.555232 0.0277873 0.048345
0 0.81289 0.177014 0.0189758 0.0344428
0 0.369996 0.23432 0.0173866 0.0327256
0 0.758419 0.217728 0.020083 0.0355494
0 0.842181 0.596737 0.0293149 0.0513871
0 0.542223 0.125858 0.0167196 0.0310056
0 0.249142 0.0292774 0.0131899 0.0230993
0 0.997629 0.388089 0.004743 0.0413696
