0 0.265447 0.331856 0.0179621 0.0306042
0 0.736511 0.59688 0.0251643 0.0435798
0 0.418159 0.290823 0.017013 0.0308853
0 0.946337 0.830717 0.033861 0.058112
0 0.645162 0.240137 0.0173065 0.0301538
0 0.497049 0.513829 0.0215913 0.0384304
0 0.58034 0.348678 0.018934 0.0351378
0 0.628425 0.921075 0.0326297 0.0598026
0 0.794051 0.440808 0.0228444 0.0388702
0 0.621396 0.646849 0.0257581 0.0463404
0 0.898015 0.421573 0.0231247 0.0401139
0 0.462825 0.060804 0.0124642 0.022251
0 0.184707 0.741554 0.0264754 0.0467073
