0 0.710859 0.419082 0.023055 0.0413773
0 0.229034 0.323075 0.0196345 0.0341264
0 0.43212 0.673777 0.0266192 0.0487809
0 0.574392 0.372047 0.0214867 0.037458
0 0.86932 0.574304 0.0278365 0.0486554
0 0.811663 0.188116 0.0187698 0.0350579
0 0.255112 0.0267941 0.0128629 0.0235106
0 0.754535 0.227625 0.0199801 0.0350767
0 0.542102 0.129816 0.0164852 0.0301681
0 0.549231 0.227152 0.0186153 0.0339266
0 0.365146 0.234249 0.017617 0.0324771
0 0.819075 0.618355 0.0286394 0.0497177
0 0.994988 0.410699 0.0100236 0.0409108
