0 0.779687 0.854167 0.012500 0.016667
0 0.731250 0.841667 0.012500 0.016667
0 0.728125 0.814583 0.012500 0.016667
0 0.696875 0.716667 0.006250 0.008333
0 0.620313 0.743750 0.006250 0.008333
0 0.615625 0.739583 0.006250 0.008333
0 0.610938 0.739583 0.006250 0.008333
0 0.606250 0.743750 0.006250 0.008333
0 0.612500 0.706250 0.006250 0.008333
0 0.620313 0.704167 0.006250 0.008333
0 0.629687 0.695833 0.006250 0.008333
0 0.629687 0.685417 0.006250 0.008333
0 0.642188 0.668750 0.006250 0.008333
0 0.656250 0.679167 0.006250 0.008333
0 0.607812 0.652083 0.006250 0.008333
0 0.600000 0.706250 0.006250 0.008333
0 0.584375 0.693750 0.006250 0.008333
0 0.578125 0.695833 0.006250 0.008333
0 0.579688 0.670833 0.006250 0.008333
0 0.525000 0.693750 0.006250 0.008333
0 0.504687 0.739583 0.006250 0.008333
0 0.550000 0.697917 0.006250 0.008333
0 0.540625 0.687500 0.006250 0.008333
0 0.542188 0.702083 0.006250 0.008333
0 0.553125 0.706250 0.006250 0.008333
0 0.545312 0.708333 0.006250 0.008333
0 0.537500 0.714583 0.006250 0.008333
0 0.545312 0.693750 0.006250 0.008333
0 0.537500 0.697917 0.006250 0.008333