0 0.781250 0.847917 0.012500 0.016667
0 0.731250 0.845833 0.012500 0.016667
0 0.729688 0.816667 0.012500 0.016667
0 0.643750 0.662500 0.006250 0.008333
0 0.640625 0.668750 0.006250 0.008333
0 0.620313 0.741667 0.006250 0.008333
0 0.614062 0.743750 0.006250 0.008333
0 0.604688 0.741667 0.006250 0.008333
0 0.620313 0.704167 0.006250 0.008333
0 0.614062 0.710417 0.006250 0.008333
0 0.600000 0.704167 0.006250 0.008333
0 0.609375 0.652083 0.006250 0.008333
0 0.582812 0.695833 0.006250 0.008333
0 0.578125 0.693750 0.006250 0.008333
0 0.578125 0.672917 0.006250 0.008333
0 0.550000 0.693750 0.006250 0.008333
0 0.543750 0.693750 0.006250 0.008333
0 0.534375 0.695833 0.006250 0.008333
0 0.543750 0.710417 0.006250 0.008333
0 0.539062 0.706250 0.006250 0.008333
0 0.529687 0.718750 0.006250 0.008333
0 0.525000 0.710417 0.006250 0.008333
0 0.503125 0.739583 0.006250 0.008333
0 0.525000 0.685417 0.006250 0.008333
0 0.518750 0.685417 0.006250 0.008333
0 0.512500 0.679167 0.006250 0.008333
0 0.517188 0.687500 0.006250 0.008333
0 0.520312 0.693750 0.006250 0.008333
0 0.510938 0.681250 0.006250 0.008333