0 0.782813 0.852083 0.012500 0.016667
0 0.732812 0.845833 0.012500 0.016667
0 0.729688 0.816667 0.012500 0.016667
0 0.621875 0.743750 0.006250 0.008333
0 0.612500 0.737500 0.006250 0.008333
0 0.606250 0.743750 0.006250 0.008333
0 0.628125 0.695833 0.006250 0.008333
0 0.642188 0.670833 0.006250 0.008333
0 0.629687 0.685417 0.006250 0.008333
0 0.620313 0.708333 0.006250 0.008333
0 0.612500 0.704167 0.006250 0.008333
0 0.600000 0.708333 0.006250 0.008333
0 0.607812 0.654167 0.006250 0.008333
0 0.582812 0.695833 0.006250 0.008333
0 0.578125 0.693750 0.006250 0.008333
0 0.578125 0.675000 0.006250 0.008333
0 0.504687 0.737500 0.006250 0.008333
0 0.532813 0.708333 0.006250 0.008333
0 0.529687 0.712500 0.006250 0.008333
0 0.523438 0.695833 0.006250 0.008333
0 0.545312 0.685417 0.006250 0.008333
0 0.551562 0.691667 0.006250 0.008333
0 0.534375 0.702083 0.006250 0.008333
0 0.529687 0.695833 0.006250 0.008333