0 0.782813 0.847917 0.012500 0.016667
0 0.732812 0.843750 0.012500 0.016667
0 0.728125 0.818750 0.012500 0.016667
0 0.620313 0.739583 0.006250 0.008333
0 0.615625 0.739583 0.006250 0.008333
0 0.612500 0.743750 0.006250 0.008333
0 0.606250 0.743750 0.006250 0.008333
0 0.590625 0.681250 0.006250 0.008333
0 0.593750 0.672917 0.006250 0.008333
0 0.585938 0.668750 0.006250 0.008333
0 0.579688 0.681250 0.006250 0.008333
0 0.592187 0.685417 0.006250 0.008333
0 0.598437 0.693750 0.006250 0.008333
0 0.596875 0.681250 0.006250 0.008333
0 0.585938 0.677083 0.006250 0.008333
0 0.587500 0.691667 0.006250 0.008333
0 0.545312 0.710417 0.006250 0.008333
0 0.537500 0.710417 0.006250 0.008333
0 0.532813 0.708333 0.006250 0.008333
0 0.525000 0.710417 0.006250 0.008333
0 0.528125 0.714583 0.006250 0.008333
0 0.504687 0.743750 0.006250 0.008333