0 0.732812 0.843750 0.012500 0.016667
0 0.729688 0.814583 0.012500 0.016667
0 0.620313 0.743750 0.006250 0.008333
0 0.615625 0.735417 0.006250 0.008333
0 0.612500 0.743750 0.006250 0.008333
0 0.604688 0.743750 0.006250 0.008333
0 0.656250 0.679167 0.006250 0.008333
0 0.643750 0.670833 0.006250 0.008333
0 0.629687 0.687500 0.006250 0.008333
0 0.626563 0.695833 0.006250 0.008333
0 0.620313 0.702083 0.006250 0.008333
0 0.612500 0.704167 0.006250 0.008333
0 0.600000 0.706250 0.006250 0.008333
0 0.607812 0.652083 0.006250 0.008333
0 0.582812 0.695833 0.006250 0.008333
0 0.578125 0.693750 0.006250 0.008333
0 0.578125 0.670833 0.006250 0.008333
0 0.548438 0.693750 0.006250 0.008333
0 0.542188 0.695833 0.006250 0.008333
0 0.534375 0.689583 0.006250 0.008333
0 0.523438 0.693750 0.006250 0.008333
0 0.540625 0.710417 0.006250 0.008333
0 0.515625 0.693750 0.006250 0.008333
0 0.534375 0.712500 0.006250 0.008333
0 0.528125 0.710417 0.006250 0.008333
0 0.503125 0.737500 0.006250 0.008333
0 0.468750 0.712500 0.006250 0.008333
0 0.457813 0.710417 0.006250 0.008333
0 0.428125 0.695833 0.006250 0.008333
0 0.423438 0.687500 0.006250 0.008333
0 0.414062 0.687500 0.006250 0.008333
0 0.410938 0.689583 0.006250 0.008333
0 0.404687 0.685417 0.006250 0.008333
0 0.406250 0.693750 0.006250 0.008333
0 0.418750 0.702083 0.006250 0.008333
0 0.418750 0.693750 0.006250 0.008333