0 0.779687 0.847917 0.012500 0.016667
0 0.731250 0.843750 0.012500 0.016667
0 0.729688 0.814583 0.012500 0.016667
0 0.621875 0.743750 0.006250 0.008333
0 0.617188 0.737500 0.006250 0.008333
0 0.612500 0.743750 0.006250 0.008333
0 0.604688 0.743750 0.006250 0.008333
0 0.620313 0.706250 0.006250 0.008333
0 0.612500 0.710417 0.006250 0.008333
0 0.600000 0.706250 0.006250 0.008333
0 0.596875 0.681250 0.006250 0.008333
0 0.589063 0.672917 0.006250 0.008333
0 0.585938 0.681250 0.006250 0.008333
0 0.595313 0.687500 0.006250 0.008333
0 0.585938 0.693750 0.006250 0.008333
0 0.582812 0.685417 0.006250 0.008333
0 0.598437 0.670833 0.006250 0.008333
0 0.600000 0.687500 0.006250 0.008333
0 0.592187 0.687500 0.006250 0.008333
0 0.545312 0.710417 0.006250 0.008333
0 0.537500 0.710417 0.006250 0.008333
0 0.532813 0.710417 0.006250 0.008333
0 0.525000 0.710417 0.006250 0.008333
0 0.529687 0.718750 0.006250 0.008333
0 0.504687 0.737500 0.006250 0.008333