0 0.781250 0.852083 0.012500 0.016667
0 0.731250 0.841667 0.012500 0.016667
0 0.731250 0.812500 0.012500 0.016667
0 0.656250 0.679167 0.006250 0.008333
0 0.642188 0.670833 0.006250 0.008333
0 0.628125 0.685417 0.006250 0.008333
0 0.628125 0.697917 0.006250 0.008333
0 0.620313 0.706250 0.006250 0.008333
0 0.610938 0.708333 0.006250 0.008333
0 0.620313 0.745833 0.006250 0.008333
0 0.612500 0.737500 0.006250 0.008333
0 0.606250 0.741667 0.006250 0.008333
0 0.601562 0.706250 0.006250 0.008333
0 0.609375 0.654167 0.006250 0.008333
0 0.585938 0.695833 0.006250 0.008333
0 0.578125 0.695833 0.006250 0.008333
0 0.579688 0.675000 0.006250 0.008333
0 0.504687 0.739583 0.006250 0.008333
0 0.532813 0.708333 0.006250 0.008333
0 0.551562 0.693750 0.006250 0.008333
0 0.531250 0.691667 0.006250 0.008333
0 0.539062 0.697917 0.006250 0.008333
0 0.546875 0.704167 0.006250 0.008333
0 0.540625 0.710417 0.006250 0.008333