0 0.778125 0.852083 0.012500 0.016667
0 0.731250 0.843750 0.012500 0.016667
0 0.731250 0.814583 0.012500 0.016667
0 0.621875 0.743750 0.006250 0.008333
0 0.615625 0.735417 0.006250 0.008333
0 0.612500 0.741667 0.006250 0.008333
0 0.603125 0.743750 0.006250 0.008333
0 0.601562 0.704167 0.006250 0.008333
0 0.612500 0.708333 0.006250 0.008333
0 0.620313 0.708333 0.006250 0.008333
0 0.628125 0.697917 0.006250 0.008333
0 0.629687 0.687500 0.006250 0.008333
0 0.642188 0.668750 0.006250 0.008333
0 0.656250 0.681250 0.006250 0.008333
0 0.609375 0.652083 0.006250 0.008333
0 0.579688 0.672917 0.006250 0.008333
0 0.578125 0.693750 0.006250 0.008333
0 0.582812 0.697917 0.006250 0.008333
0 0.532813 0.708333 0.006250 0.008333
0 0.504687 0.739583 0.006250 0.008333
0 0.529687 0.695833 0.006250 0.008333
0 0.534375 0.675000 0.006250 0.008333
0 0.551562 0.687500 0.006250 0.008333
0 0.532813 0.685417 0.006250 0.008333
0 0.550000 0.712500 0.006250 0.008333
0 0.542188 0.708333 0.006250 0.008333