0 0.782813 0.852083 0.012500 0.016667
0 0.732812 0.843750 0.012500 0.016667
0 0.731250 0.818750 0.012500 0.016667
0 0.621875 0.743750 0.006250 0.008333
0 0.615625 0.737500 0.006250 0.008333
0 0.612500 0.739583 0.006250 0.008333
0 0.606250 0.739583 0.006250 0.008333
0 0.596875 0.685417 0.006250 0.008333
0 0.600000 0.668750 0.006250 0.008333
0 0.590625 0.672917 0.006250 0.008333
0 0.585938 0.685417 0.006250 0.008333
0 0.600000 0.693750 0.006250 0.008333
0 0.601562 0.685417 0.006250 0.008333
0 0.590625 0.691667 0.006250 0.008333
0 0.592187 0.679167 0.006250 0.008333
0 0.545312 0.710417 0.006250 0.008333
0 0.537500 0.708333 0.006250 0.008333
0 0.531250 0.708333 0.006250 0.008333
0 0.523438 0.710417 0.006250 0.008333
0 0.529687 0.714583 0.006250 0.008333
0 0.501563 0.737500 0.006250 0.008333