0 0.781250 0.852083 0.012500 0.016667
0 0.732812 0.843750 0.012500 0.016667
0 0.729688 0.814583 0.012500 0.016667
0 0.623437 0.743750 0.006250 0.008333
0 0.617188 0.737500 0.006250 0.008333
0 0.612500 0.743750 0.006250 0.008333
0 0.606250 0.739583 0.006250 0.008333
0 0.620313 0.706250 0.006250 0.008333
0 0.615625 0.708333 0.006250 0.008333
0 0.600000 0.706250 0.006250 0.008333
0 0.593750 0.677083 0.006250 0.008333
0 0.601562 0.668750 0.006250 0.008333
0 0.606250 0.677083 0.006250 0.008333
0 0.600000 0.685417 0.006250 0.008333
0 0.589063 0.685417 0.006250 0.008333
0 0.587500 0.672917 0.006250 0.008333
0 0.595313 0.691667 0.006250 0.008333
0 0.606250 0.691667 0.006250 0.008333
0 0.543750 0.710417 0.006250 0.008333
0 0.537500 0.706250 0.006250 0.008333
0 0.531250 0.706250 0.006250 0.008333
0 0.525000 0.708333 0.006250 0.008333
0 0.528125 0.718750 0.006250 0.008333
0 0.504687 0.737500 0.006250 0.008333