0 0.784375 0.847917 0.012500 0.016667
0 0.543750 0.662500 0.006250 0.008333
0 0.551562 0.664583 0.006250 0.008333
0 0.539062 0.670833 0.006250 0.008333
0 0.534375 0.654167 0.006250 0.008333
0 0.539062 0.658333 0.006250 0.008333
0 0.562500 0.702083 0.006250 0.008333
0 0.578125 0.675000 0.006250 0.008333
0 0.595313 0.693750 0.006250 0.008333
0 0.587500 0.691667 0.006250 0.008333
0 0.579688 0.687500 0.006250 0.008333
0 0.582812 0.697917 0.006250 0.008333
0 0.579688 0.695833 0.006250 0.008333
0 0.601562 0.706250 0.006250 0.008333
0 0.614062 0.708333 0.006250 0.008333
0 0.620313 0.708333 0.006250 0.008333
0 0.621875 0.745833 0.006250 0.008333
0 0.617188 0.739583 0.006250 0.008333
0 0.610938 0.743750 0.006250 0.008333
0 0.604688 0.741667 0.006250 0.008333
0 0.546875 0.708333 0.006250 0.008333
0 0.539062 0.708333 0.006250 0.008333
0 0.531250 0.716667 0.006250 0.008333
0 0.526563 0.708333 0.006250 0.008333
0 0.504687 0.739583 0.006250 0.008333
0 0.731250 0.812500 0.012500 0.016667
0 0.734375 0.843750 0.012500 0.016667