0 0.781250 0.847917 0.012500 0.016667
0 0.732812 0.843750 0.012500 0.016667
0 0.731250 0.812500 0.012500 0.016667
0 0.620313 0.745833 0.006250 0.008333
0 0.615625 0.735417 0.006250 0.008333
0 0.612500 0.745833 0.006250 0.008333
0 0.604688 0.739583 0.006250 0.008333
0 0.618750 0.704167 0.006250 0.008333
0 0.612500 0.710417 0.006250 0.008333
0 0.600000 0.706250 0.006250 0.008333
0 0.545312 0.704167 0.006250 0.008333
0 0.537500 0.710417 0.006250 0.008333
0 0.532813 0.706250 0.006250 0.008333
0 0.528125 0.716667 0.006250 0.008333
0 0.523438 0.708333 0.006250 0.008333
0 0.503125 0.737500 0.006250 0.008333
0 0.596875 0.681250 0.006250 0.008333
0 0.600000 0.660417 0.006250 0.008333
0 0.578125 0.664583 0.006250 0.008333
0 0.582812 0.679167 0.006250 0.008333
0 0.590625 0.670833 0.006250 0.008333
0 0.592187 0.687500 0.006250 0.008333
0 0.600000 0.693750 0.006250 0.008333
0 0.585938 0.672917 0.006250 0.008333