0 0.779687 0.847917 0.012500 0.016667
0 0.731250 0.845833 0.012500 0.016667
0 0.731250 0.814583 0.012500 0.016667
0 0.621875 0.745833 0.006250 0.008333
0 0.614062 0.741667 0.006250 0.008333
0 0.604688 0.743750 0.006250 0.008333
0 0.503125 0.739583 0.006250 0.008333
0 0.618750 0.706250 0.006250 0.008333
0 0.614062 0.708333 0.006250 0.008333
0 0.600000 0.706250 0.006250 0.008333
0 0.607812 0.652083 0.006250 0.008333
0 0.584375 0.695833 0.006250 0.008333
0 0.578125 0.695833 0.006250 0.008333
0 0.578125 0.672917 0.006250 0.008333
0 0.543750 0.708333 0.006250 0.008333
0 0.537500 0.710417 0.006250 0.008333
0 0.531250 0.716667 0.006250 0.008333
0 0.526563 0.706250 0.006250 0.008333
0 0.546875 0.691667 0.006250 0.008333
0 0.542188 0.687500 0.006250 0.008333
0 0.531250 0.689583 0.006250 0.008333
0 0.525000 0.691667 0.006250 0.008333
0 0.518750 0.700000 0.006250 0.008333
0 0.512500 0.677083 0.006250 0.008333
0 0.514062 0.685417 0.006250 0.008333