0 0.779687 0.847917 0.012500 0.016667
0 0.731250 0.843750 0.012500 0.016667
0 0.729688 0.812500 0.012500 0.016667
0 0.621875 0.743750 0.006250 0.008333
0 0.615625 0.735417 0.006250 0.008333
0 0.612500 0.743750 0.006250 0.008333
0 0.604688 0.743750 0.006250 0.008333
0 0.698438 0.714583 0.006250 0.008333
0 0.620313 0.706250 0.006250 0.008333
0 0.612500 0.706250 0.006250 0.008333
0 0.629687 0.695833 0.006250 0.008333
0 0.629687 0.687500 0.006250 0.008333
0 0.656250 0.681250 0.006250 0.008333
0 0.642188 0.668750 0.006250 0.008333
0 0.609375 0.652083 0.006250 0.008333
0 0.600000 0.706250 0.006250 0.008333
0 0.585938 0.693750 0.006250 0.008333
0 0.579688 0.695833 0.006250 0.008333
0 0.578125 0.672917 0.006250 0.008333
0 0.539062 0.710417 0.006250 0.008333
0 0.534375 0.712500 0.006250 0.008333
0 0.529687 0.710417 0.006250 0.008333
0 0.515625 0.693750 0.006250 0.008333
0 0.523438 0.693750 0.006250 0.008333
0 0.534375 0.693750 0.006250 0.008333
0 0.542188 0.687500 0.006250 0.008333
0 0.546875 0.689583 0.006250 0.008333
0 0.503125 0.737500 0.006250 0.008333
0 0.467187 0.712500 0.006250 0.008333
0 0.456250 0.710417 0.006250 0.008333
0 0.378125 0.702083 0.006250 0.008333
0 0.376563 0.689583 0.006250 0.008333
0 0.368750 0.695833 0.006250 0.008333
0 0.359375 0.689583 0.006250 0.008333
0 0.365625 0.687500 0.006250 0.008333
0 0.370312 0.687500 0.006250 0.008333
0 0.360938 0.702083 0.006250 0.008333