0 0.600000 0.664583 0.006250 0.008333
0 0.593750 0.670833 0.006250 0.008333
0 0.585938 0.677083 0.006250 0.008333
0 0.598437 0.679167 0.006250 0.008333
0 0.592187 0.685417 0.006250 0.008333
0 0.581250 0.687500 0.006250 0.008333
0 0.590625 0.693750 0.006250 0.008333
0 0.598437 0.693750 0.006250 0.008333
0 0.585938 0.677083 0.006250 0.008333
0 0.600000 0.685417 0.006250 0.008333
0 0.543750 0.710417 0.006250 0.008333
0 0.539062 0.706250 0.006250 0.008333
0 0.532813 0.710417 0.006250 0.008333
0 0.528125 0.718750 0.006250 0.008333
0 0.525000 0.710417 0.006250 0.008333
0 0.504687 0.739583 0.006250 0.008333
0 0.601562 0.706250 0.006250 0.008333
0 0.612500 0.706250 0.006250 0.008333
0 0.620313 0.706250 0.006250 0.008333
0 0.604688 0.743750 0.006250 0.008333
0 0.612500 0.739583 0.006250 0.008333
0 0.618750 0.739583 0.006250 0.008333
0 0.621875 0.745833 0.006250 0.008333
0 0.731250 0.818750 0.012500 0.016667
0 0.734375 0.845833 0.012500 0.016667
0 0.782813 0.852083 0.012500 0.016667