0 0.781250 0.845833 0.012500 0.016667
0 0.731250 0.843750 0.012500 0.016667
0 0.734375 0.814583 0.012500 0.016667
0 0.584375 0.693750 0.006250 0.008333
0 0.576562 0.693750 0.006250 0.008333
0 0.578125 0.672917 0.006250 0.008333
0 0.540625 0.710417 0.006250 0.008333
0 0.534375 0.714583 0.006250 0.008333
0 0.528125 0.710417 0.006250 0.008333
0 0.503125 0.737500 0.006250 0.008333
0 0.517188 0.693750 0.006250 0.008333
0 0.523438 0.693750 0.006250 0.008333
0 0.534375 0.693750 0.006250 0.008333
0 0.540625 0.689583 0.006250 0.008333
0 0.548438 0.693750 0.006250 0.008333
0 0.468750 0.706250 0.006250 0.008333
0 0.456250 0.710417 0.006250 0.008333
0 0.357812 0.702083 0.006250 0.008333
0 0.350000 0.702083 0.006250 0.008333
0 0.356250 0.689583 0.006250 0.008333
0 0.351562 0.697917 0.006250 0.008333
0 0.346875 0.697917 0.006250 0.008333
0 0.351562 0.710417 0.006250 0.008333
0 0.362500 0.706250 0.006250 0.008333
0 0.368750 0.702083 0.006250 0.008333