0 0.781250 0.852083 0.012500 0.016667
0 0.732812 0.843750 0.012500 0.016667
0 0.731250 0.812500 0.012500 0.016667
0 0.621875 0.743750 0.006250 0.008333
0 0.615625 0.739583 0.006250 0.008333
0 0.612500 0.739583 0.006250 0.008333
0 0.606250 0.743750 0.006250 0.008333
0 0.596875 0.693750 0.006250 0.008333
0 0.590625 0.689583 0.006250 0.008333
0 0.590625 0.681250 0.006250 0.008333
0 0.579688 0.685417 0.006250 0.008333
0 0.579688 0.672917 0.006250 0.008333
0 0.585938 0.670833 0.006250 0.008333
0 0.581250 0.679167 0.006250 0.008333
0 0.592187 0.677083 0.006250 0.008333
0 0.575000 0.645833 0.006250 0.008333
0 0.545312 0.710417 0.006250 0.008333
0 0.539062 0.708333 0.006250 0.008333
0 0.534375 0.706250 0.006250 0.008333
0 0.525000 0.708333 0.006250 0.008333
0 0.528125 0.718750 0.006250 0.008333
0 0.504687 0.739583 0.006250 0.008333