0 0.781250 0.847917 0.012500 0.016667
0 0.732812 0.845833 0.012500 0.016667
0 0.731250 0.814583 0.012500 0.016667
0 0.621875 0.743750 0.006250 0.008333
0 0.612500 0.741667 0.006250 0.008333
0 0.604688 0.743750 0.006250 0.008333
0 0.620313 0.708333 0.006250 0.008333
0 0.612500 0.708333 0.006250 0.008333
0 0.600000 0.706250 0.006250 0.008333
0 0.609375 0.652083 0.006250 0.008333
0 0.578125 0.672917 0.006250 0.008333
0 0.578125 0.691667 0.006250 0.008333
0 0.582812 0.700000 0.006250 0.008333
0 0.503125 0.741667 0.006250 0.008333
0 0.528125 0.714583 0.006250 0.008333
0 0.521875 0.710417 0.006250 0.008333
0 0.532813 0.710417 0.006250 0.008333
0 0.537500 0.706250 0.006250 0.008333
0 0.542188 0.712500 0.006250 0.008333
0 0.548438 0.689583 0.006250 0.008333
0 0.540625 0.689583 0.006250 0.008333
0 0.535937 0.691667 0.006250 0.008333
0 0.521875 0.687500 0.006250 0.008333
0 0.512500 0.679167 0.006250 0.008333
0 0.525000 0.675000 0.006250 0.008333
0 0.515625 0.691667 0.006250 0.008333
0 0.507812 0.689583 0.006250 0.008333