0 0.779687 0.847917 0.012500 0.016667
0 0.731250 0.843750 0.012500 0.016667
0 0.728125 0.812500 0.012500 0.016667
0 0.623437 0.743750 0.006250 0.008333
0 0.617188 0.737500 0.006250 0.008333
0 0.614062 0.743750 0.006250 0.008333
0 0.606250 0.743750 0.006250 0.008333
0 0.610938 0.735417 0.006250 0.008333
0 0.698438 0.718750 0.006250 0.008333
0 0.504687 0.737500 0.006250 0.008333
0 0.600000 0.706250 0.006250 0.008333
0 0.612500 0.706250 0.006250 0.008333
0 0.620313 0.706250 0.006250 0.008333
0 0.628125 0.695833 0.006250 0.008333
0 0.629687 0.689583 0.006250 0.008333
0 0.642188 0.668750 0.006250 0.008333
0 0.656250 0.685417 0.006250 0.008333
0 0.609375 0.652083 0.006250 0.008333
0 0.584375 0.693750 0.006250 0.008333
0 0.579688 0.693750 0.006250 0.008333
0 0.579688 0.672917 0.006250 0.008333
0 0.542188 0.706250 0.006250 0.008333
0 0.535937 0.714583 0.006250 0.008333
0 0.529687 0.710417 0.006250 0.008333
0 0.517188 0.693750 0.006250 0.008333
0 0.521875 0.693750 0.006250 0.008333
0 0.534375 0.693750 0.006250 0.008333
0 0.537500 0.687500 0.006250 0.008333
0 0.545312 0.689583 0.006250 0.008333
0 0.468750 0.710417 0.006250 0.008333
0 0.457813 0.710417 0.006250 0.008333
0 0.376563 0.704167 0.006250 0.008333
0 0.373437 0.702083 0.006250 0.008333
0 0.368750 0.702083 0.006250 0.008333
0 0.360938 0.702083 0.006250 0.008333
0 0.359375 0.710417 0.006250 0.008333
0 0.354687 0.702083 0.006250 0.008333
0 0.328125 0.706250 0.006250 0.008333
0 0.321875 0.710417 0.006250 0.008333
0 0.310937 0.697917 0.006250 0.008333
0 0.314063 0.706250 0.006250 0.008333
0 0.317188 0.714583 0.006250 0.008333
0 0.320312 0.702083 0.006250 0.008333