0 0.779687 0.847917 0.012500 0.016667
0 0.735938 0.845833 0.012500 0.016667
0 0.728125 0.812500 0.012500 0.016667
0 0.620313 0.743750 0.006250 0.008333
0 0.617188 0.739583 0.006250 0.008333
0 0.612500 0.739583 0.006250 0.008333
0 0.604688 0.739583 0.006250 0.008333
0 0.696875 0.718750 0.006250 0.008333
0 0.620313 0.706250 0.006250 0.008333
0 0.612500 0.710417 0.006250 0.008333
0 0.600000 0.704167 0.006250 0.008333
0 0.579688 0.670833 0.006250 0.008333
0 0.606250 0.652083 0.006250 0.008333
0 0.642188 0.668750 0.006250 0.008333
0 0.656250 0.681250 0.006250 0.008333
0 0.459375 0.710417 0.006250 0.008333
0 0.354687 0.693750 0.006250 0.008333
0 0.348438 0.695833 0.006250 0.008333
0 0.360938 0.704167 0.006250 0.008333
0 0.367188 0.693750 0.006250 0.008333
0 0.353125 0.702083 0.006250 0.008333
0 0.346875 0.704167 0.006250 0.008333
0 0.354687 0.712500 0.006250 0.008333
0 0.365625 0.706250 0.006250 0.008333