0 0.9074519230769231 0.8569711538461539 0.07211538461538461 0.2127403846153846
0 0.6346153846153846 0.9387019230769231 0.08052884615384616 0.10817307692307693
0 0.4266826923076923 0.19110576923076922 0.07091346153846154 0.1971153846153846
0 0.6201923076923077 0.2548076923076923 0.07091346153846154 0.20192307692307693
0 0.3605769230769231 0.2920673076923077 0.0673076923076923 0.18990384615384615
0 0.5492788461538461 0.359375 0.06850961538461539 0.18990384615384615
0 0.5949519230769231 0.49278846153846156 0.0673076923076923 0.19471153846153846
0 0.6778846153846154 0.5973557692307693 0.07091346153846154 0.2127403846153846
0 0.7716346153846154 0.5997596153846154 0.07451923076923077 0.22115384615384615
0 0.5661057692307693 0.6298076923076923 0.07091346153846154 0.20192307692307693
0 0.45913461538461536 0.6838942307692307 0.07451923076923077 0.21514423076923078