0 0.713071 0.633022 0.0294701 0.0514433
0 0.522544 0.323223 0.0203664 0.0371527
0 0.498157 0.305934 0.0202633 0.0377894
0 0.458821 0.437589 0.0234347 0.0423539
0 0.539667 0.558427 0.0263655 0.0475249
0 0.773565 0.306898 0.0206369 0.0370998
0 0.460237 0.205432 0.0180132 0.0340028
0 0.20299 0.717116 0.0338115 0.0588396
0 0.463311 0.341599 0.02083 0.0387461
0 0.71952 0.356884 0.021833 0.039001
0 0.251928 0.340071 0.0230367 0.0410885
0 0.938023 0.170126 0.0169032 0.0298812
0 0.0913723 0.0322539 0.0172467 0.0293139
