0 0.965625 0.837500 0.012500 0.016667
0 0.957812 0.839583 0.012500 0.016667
0 0.920312 0.854167 0.012500 0.016667
0 0.926562 0.766667 0.012500 0.016667
0 0.981250 0.702083 0.006250 0.008333
0 0.932813 0.645833 0.006250 0.008333
0 0.920312 0.683333 0.006250 0.008333
0 0.831250 0.768750 0.012500 0.016667
0 0.815625 0.802083 0.012500 0.016667
0 0.828125 0.679167 0.006250 0.008333
0 0.803125 0.689583 0.006250 0.008333
0 0.790625 0.641667 0.006250 0.008333
0 0.748437 0.650000 0.006250 0.008333
0 0.745313 0.635417 0.006250 0.008333
0 0.732812 0.635417 0.006250 0.008333
0 0.701562 0.650000 0.006250 0.008333
0 0.714063 0.664583 0.006250 0.008333
0 0.714063 0.672917 0.006250 0.008333
0 0.696875 0.691667 0.006250 0.008333
0 0.703125 0.700000 0.006250 0.008333
0 0.696875 0.718750 0.006250 0.008333
0 0.725000 0.743750 0.006250 0.008333
0 0.657813 0.739583 0.006250 0.008333
0 0.632812 0.808333 0.012500 0.016667
0 0.628125 0.804167 0.012500 0.016667
0 0.631250 0.820833 0.012500 0.016667
0 0.615625 0.806250 0.012500 0.016667
0 0.637500 0.641667 0.006250 0.008333
0 0.642188 0.670833 0.006250 0.008333
0 0.607812 0.652083 0.006250 0.008333
0 0.615625 0.660417 0.006250 0.008333
0 0.628125 0.697917 0.006250 0.008333
0 0.621875 0.708333 0.006250 0.008333
0 0.615625 0.697917 0.006250 0.008333
0 0.610938 0.710417 0.006250 0.008333
0 0.606250 0.702083 0.006250 0.008333
0 0.598437 0.697917 0.006250 0.008333
0 0.600000 0.704167 0.006250 0.008333
0 0.585938 0.735417 0.006250 0.008333
0 0.582812 0.656250 0.006250 0.008333
0 0.565625 0.660417 0.006250 0.008333
0 0.560937 0.647917 0.006250 0.008333
0 0.517188 0.637500 0.006250 0.008333
0 0.531250 0.656250 0.006250 0.008333
0 0.523438 0.662500 0.006250 0.008333
0 0.540625 0.668750 0.006250 0.008333
0 0.562500 0.695833 0.006250 0.008333
0 0.553125 0.702083 0.006250 0.008333
0 0.546875 0.704167 0.006250 0.008333
0 0.550000 0.712500 0.006250 0.008333
0 0.539062 0.706250 0.006250 0.008333
0 0.532813 0.706250 0.006250 0.008333
0 0.532813 0.693750 0.006250 0.008333
0 0.501563 0.650000 0.006250 0.008333
0 0.498437 0.654167 0.006250 0.008333
0 0.489063 0.650000 0.006250 0.008333
0 0.507812 0.664583 0.006250 0.008333
0 0.512500 0.675000 0.006250 0.008333
0 0.512500 0.685417 0.006250 0.008333
0 0.514062 0.704167 0.006250 0.008333
0 0.521875 0.722917 0.006250 0.008333
0 0.540625 0.752083 0.012500 0.016667
0 0.550000 0.781250 0.012500 0.016667
0 0.498437 0.712500 0.006250 0.008333
0 0.492188 0.685417 0.006250 0.008333
0 0.473438 0.664583 0.006250 0.008333
0 0.476562 0.685417 0.006250 0.008333
0 0.475000 0.691667 0.006250 0.008333
0 0.484375 0.781250 0.012500 0.016667
0 0.456250 0.758333 0.012500 0.016667
0 0.451562 0.633333 0.006250 0.008333
0 0.412500 0.639583 0.006250 0.008333
0 0.351562 0.654167 0.006250 0.008333
0 0.337500 0.641667 0.006250 0.008333
0 0.304688 0.670833 0.006250 0.008333
0 0.253125 0.660417 0.006250 0.008333
0 0.098437 0.706250 0.006250 0.008333
0 0.065625 0.725000 0.006250 0.008333
0 0.445312 0.679167 0.006250 0.008333
0 0.440625 0.666667 0.006250 0.008333
0 0.432812 0.664583 0.006250 0.008333
0 0.423438 0.664583 0.006250 0.008333
0 0.435937 0.704167 0.006250 0.008333
0 0.403125 0.712500 0.006250 0.008333
0 0.389062 0.718750 0.006250 0.008333
0 0.379688 0.727083 0.006250 0.008333
0 0.343750 0.720833 0.006250 0.008333
0 0.310937 0.718750 0.006250 0.008333