0 0.971875 0.941667 0.012500 0.016667
0 0.878125 0.893750 0.012500 0.016667
0 0.965625 0.837500 0.012500 0.016667
0 0.957812 0.841667 0.012500 0.016667
0 0.945312 0.850000 0.012500 0.016667
0 0.923438 0.850000 0.012500 0.016667
0 0.934375 0.829167 0.012500 0.016667
0 0.926562 0.766667 0.012500 0.016667
0 0.831250 0.768750 0.012500 0.016667
0 0.781250 0.850000 0.012500 0.016667
0 0.829688 0.679167 0.006250 0.008333
0 0.803125 0.687500 0.006250 0.008333
0 0.757812 0.652083 0.006250 0.008333
0 0.745313 0.652083 0.006250 0.008333
0 0.762500 0.702083 0.006250 0.008333
0 0.726562 0.747917 0.006250 0.008333
0 0.707812 0.735417 0.006250 0.008333
0 0.695312 0.716667 0.006250 0.008333
0 0.715625 0.664583 0.006250 0.008333
0 0.703125 0.654167 0.006250 0.008333
0 0.689063 0.660417 0.006250 0.008333
0 0.643750 0.672917 0.006250 0.008333
0 0.614062 0.660417 0.006250 0.008333
0 0.609375 0.652083 0.006250 0.008333
0 0.621875 0.706250 0.006250 0.008333
0 0.612500 0.708333 0.006250 0.008333
0 0.607812 0.697917 0.006250 0.008333
0 0.604688 0.693750 0.006250 0.008333
0 0.596875 0.697917 0.006250 0.008333
0 0.590625 0.693750 0.006250 0.008333
0 0.582812 0.697917 0.006250 0.008333
0 0.578125 0.693750 0.006250 0.008333
0 0.585938 0.645833 0.006250 0.008333
0 0.584375 0.658333 0.006250 0.008333
0 0.565625 0.660417 0.006250 0.008333
0 0.560937 0.647917 0.006250 0.008333
0 0.523438 0.660417 0.006250 0.008333
0 0.543750 0.666667 0.006250 0.008333
0 0.548438 0.675000 0.006250 0.008333
0 0.551562 0.677083 0.006250 0.008333
0 0.545312 0.679167 0.006250 0.008333
0 0.542188 0.697917 0.006250 0.008333
0 0.550000 0.700000 0.006250 0.008333
0 0.557813 0.706250 0.006250 0.008333
0 0.562500 0.714583 0.006250 0.008333
0 0.539062 0.708333 0.006250 0.008333
0 0.534375 0.712500 0.006250 0.008333
0 0.534375 0.731250 0.006250 0.008333
0 0.520312 0.720833 0.006250 0.008333
0 0.589063 0.733333 0.006250 0.008333
0 0.576562 0.735417 0.006250 0.008333
0 0.626563 0.735417 0.006250 0.008333
0 0.651563 0.743750 0.006250 0.008333
0 0.678125 0.743750 0.006250 0.008333
0 0.629687 0.758333 0.012500 0.016667
0 0.642188 0.768750 0.012500 0.016667
0 0.539062 0.752083 0.012500 0.016667
0 0.498437 0.770833 0.012500 0.016667
0 0.453125 0.722917 0.006250 0.008333
0 0.431250 0.741667 0.006250 0.008333
0 0.425000 0.785417 0.012500 0.016667
0 0.370312 0.827083 0.012500 0.016667
0 0.357812 0.708333 0.006250 0.008333
0 0.306250 0.670833 0.006250 0.008333
0 0.315625 0.806250 0.012500 0.016667
0 0.268750 0.752083 0.012500 0.016667
0 0.301563 0.914583 0.012500 0.016667
0 0.135937 0.737500 0.006250 0.008333