0 0.300000 0.658333 0.006250 0.008333
0 0.307812 0.672917 0.006250 0.008333
0 0.335938 0.641667 0.006250 0.008333
0 0.351562 0.652083 0.006250 0.008333
0 0.390625 0.635417 0.006250 0.008333
0 0.425000 0.664583 0.006250 0.008333
0 0.439063 0.647917 0.006250 0.008333
0 0.440625 0.668750 0.006250 0.008333
0 0.445312 0.679167 0.006250 0.008333
0 0.489063 0.650000 0.006250 0.008333
0 0.476562 0.685417 0.006250 0.008333
0 0.493750 0.685417 0.006250 0.008333
0 0.493750 0.700000 0.006250 0.008333
0 0.495312 0.716667 0.006250 0.008333
0 0.456250 0.702083 0.006250 0.008333
0 0.454688 0.712500 0.006250 0.008333
0 0.453125 0.725000 0.006250 0.008333
0 0.435937 0.704167 0.006250 0.008333
0 0.428125 0.706250 0.006250 0.008333
0 0.410938 0.704167 0.006250 0.008333
0 0.359375 0.706250 0.006250 0.008333
0 0.340625 0.712500 0.006250 0.008333
0 0.368750 0.827083 0.012500 0.016667
0 0.429688 0.741667 0.006250 0.008333
0 0.456250 0.756250 0.012500 0.016667
0 0.484375 0.781250 0.012500 0.016667
0 0.493750 0.787500 0.012500 0.016667
0 0.520312 0.722917 0.006250 0.008333
0 0.539062 0.754167 0.012500 0.016667
0 0.587500 0.643750 0.006250 0.008333
0 0.581250 0.658333 0.006250 0.008333
0 0.565625 0.660417 0.006250 0.008333
0 0.607812 0.652083 0.006250 0.008333
0 0.614062 0.660417 0.006250 0.008333
0 0.642188 0.668750 0.006250 0.008333
0 0.603125 0.693750 0.006250 0.008333
0 0.607812 0.697917 0.006250 0.008333
0 0.610938 0.708333 0.006250 0.008333
0 0.623437 0.708333 0.006250 0.008333
0 0.592187 0.697917 0.006250 0.008333
0 0.585938 0.693750 0.006250 0.008333
0 0.584375 0.695833 0.006250 0.008333
0 0.585938 0.733333 0.006250 0.008333
0 0.548438 0.781250 0.012500 0.016667
0 0.628125 0.727083 0.006250 0.008333
0 0.648438 0.743750 0.006250 0.008333
0 0.698438 0.716667 0.006250 0.008333
0 0.678125 0.741667 0.006250 0.008333
0 0.642188 0.827083 0.012500 0.016667
0 0.632812 0.806250 0.012500 0.016667
0 0.626563 0.802083 0.012500 0.016667
0 0.614062 0.806250 0.012500 0.016667
0 0.703125 0.652083 0.006250 0.008333
0 0.715625 0.662500 0.006250 0.008333
0 0.687500 0.660417 0.006250 0.008333
0 0.757812 0.654167 0.006250 0.008333
0 0.748437 0.654167 0.006250 0.008333
0 0.829688 0.677083 0.006250 0.008333
0 0.803125 0.687500 0.006250 0.008333
0 0.754687 0.704167 0.006250 0.008333
0 0.762500 0.737500 0.006250 0.008333
0 0.726562 0.747917 0.006250 0.008333
0 0.757812 0.775000 0.012500 0.016667
0 0.692187 0.802083 0.012500 0.016667
0 0.831250 0.768750 0.012500 0.016667
0 0.929688 0.768750 0.012500 0.016667
0 0.965625 0.835417 0.012500 0.016667
0 0.959375 0.841667 0.012500 0.016667
0 0.945312 0.850000 0.012500 0.016667
0 0.918750 0.854167 0.012500 0.016667
0 0.971875 0.939583 0.012500 0.016667
0 0.779687 0.845833 0.012500 0.016667