0 0.532813 0.693750 0.006250 0.008333
0 0.542188 0.691667 0.006250 0.008333
0 0.523438 0.706250 0.006250 0.008333
0 0.526563 0.714583 0.006250 0.008333
0 0.539062 0.710417 0.006250 0.008333
0 0.545312 0.708333 0.006250 0.008333
0 0.503125 0.741667 0.006250 0.008333
0 0.565625 0.681250 0.006250 0.008333
0 0.554688 0.668750 0.006250 0.008333
0 0.556250 0.687500 0.006250 0.008333
0 0.562500 0.702083 0.006250 0.008333
0 0.553125 0.681250 0.006250 0.008333
0 0.559375 0.679167 0.006250 0.008333
0 0.579688 0.616667 0.006250 0.008333
0 0.587500 0.614583 0.006250 0.008333
0 0.582812 0.693750 0.006250 0.008333
0 0.600000 0.706250 0.006250 0.008333
0 0.612500 0.708333 0.006250 0.008333
0 0.618750 0.708333 0.006250 0.008333
0 0.603125 0.741667 0.006250 0.008333
0 0.612500 0.739583 0.006250 0.008333
0 0.621875 0.743750 0.006250 0.008333
0 0.729688 0.814583 0.012500 0.016667
0 0.732812 0.843750 0.012500 0.016667
0 0.781250 0.850000 0.012500 0.016667