0 0.782813 0.847917 0.012500 0.016667
0 0.731250 0.841667 0.012500 0.016667
0 0.728125 0.814583 0.012500 0.016667
0 0.621875 0.741667 0.006250 0.008333
0 0.610938 0.741667 0.006250 0.008333
0 0.603125 0.741667 0.006250 0.008333
0 0.620313 0.706250 0.006250 0.008333
0 0.610938 0.710417 0.006250 0.008333
0 0.600000 0.706250 0.006250 0.008333
0 0.593750 0.693750 0.006250 0.008333
0 0.582812 0.700000 0.006250 0.008333
0 0.587500 0.679167 0.006250 0.008333
0 0.573438 0.672917 0.006250 0.008333
0 0.568750 0.685417 0.006250 0.008333
0 0.579688 0.683333 0.006250 0.008333
0 0.568750 0.677083 0.006250 0.008333
0 0.565625 0.666667 0.006250 0.008333
0 0.546875 0.708333 0.006250 0.008333
0 0.539062 0.706250 0.006250 0.008333
0 0.528125 0.716667 0.006250 0.008333
0 0.525000 0.708333 0.006250 0.008333
0 0.531250 0.706250 0.006250 0.008333
0 0.504687 0.739583 0.006250 0.008333