0 0.964063 0.839583 0.012500 0.016667
0 0.987500 0.862500 0.012500 0.016667
0 0.918750 0.852083 0.012500 0.016667
0 0.970313 0.781250 0.012500 0.016667
0 0.960938 0.775000 0.012500 0.016667
0 0.981250 0.704167 0.006250 0.008333
0 0.932813 0.647917 0.006250 0.008333
0 0.910937 0.720833 0.006250 0.008333
0 0.893750 0.716667 0.006250 0.008333
0 0.815625 0.802083 0.012500 0.016667
0 0.821875 0.685417 0.006250 0.008333
0 0.801562 0.687500 0.006250 0.008333
0 0.792188 0.639583 0.006250 0.008333
0 0.745313 0.633333 0.006250 0.008333
0 0.734375 0.633333 0.006250 0.008333
0 0.748437 0.652083 0.006250 0.008333
0 0.712500 0.664583 0.006250 0.008333
0 0.715625 0.672917 0.006250 0.008333
0 0.695312 0.691667 0.006250 0.008333
0 0.703125 0.704167 0.006250 0.008333
0 0.696875 0.716667 0.006250 0.008333
0 0.723437 0.747917 0.006250 0.008333
0 0.657813 0.741667 0.006250 0.008333
0 0.654687 0.700000 0.006250 0.008333
0 0.640625 0.670833 0.006250 0.008333
0 0.643750 0.658333 0.006250 0.008333
0 0.615625 0.660417 0.006250 0.008333
0 0.612500 0.660417 0.006250 0.008333
0 0.609375 0.647917 0.006250 0.008333
0 0.582812 0.654167 0.006250 0.008333
0 0.560937 0.650000 0.006250 0.008333
0 0.518750 0.633333 0.006250 0.008333
0 0.526563 0.660417 0.006250 0.008333
0 0.540625 0.668750 0.006250 0.008333
0 0.550000 0.664583 0.006250 0.008333
0 0.623437 0.706250 0.006250 0.008333
0 0.615625 0.695833 0.006250 0.008333
0 0.610938 0.706250 0.006250 0.008333
0 0.596875 0.697917 0.006250 0.008333
0 0.573438 0.697917 0.006250 0.008333
0 0.562500 0.712500 0.006250 0.008333
0 0.584375 0.735417 0.006250 0.008333
0 0.631250 0.806250 0.012500 0.016667
0 0.626563 0.802083 0.012500 0.016667
0 0.631250 0.818750 0.012500 0.016667
0 0.614062 0.806250 0.012500 0.016667
0 0.539062 0.752083 0.012500 0.016667
0 0.548438 0.704167 0.006250 0.008333
0 0.534375 0.693750 0.006250 0.008333
0 0.534375 0.706250 0.006250 0.008333
0 0.529687 0.708333 0.006250 0.008333
0 0.521875 0.722917 0.006250 0.008333
0 0.510938 0.685417 0.006250 0.008333
0 0.512500 0.675000 0.006250 0.008333
0 0.507812 0.664583 0.006250 0.008333
0 0.503125 0.650000 0.006250 0.008333
0 0.495312 0.652083 0.006250 0.008333
0 0.490625 0.645833 0.006250 0.008333
0 0.476562 0.664583 0.006250 0.008333
0 0.453125 0.633333 0.006250 0.008333
0 0.492188 0.683333 0.006250 0.008333
0 0.476562 0.685417 0.006250 0.008333
0 0.476562 0.691667 0.006250 0.008333
0 0.484375 0.779167 0.012500 0.016667
0 0.498437 0.716667 0.006250 0.008333
0 0.456250 0.758333 0.012500 0.016667
0 0.446875 0.679167 0.006250 0.008333
0 0.440625 0.666667 0.006250 0.008333
0 0.432812 0.662500 0.006250 0.008333
0 0.423438 0.664583 0.006250 0.008333
0 0.414062 0.637500 0.006250 0.008333
0 0.434375 0.704167 0.006250 0.008333
0 0.335938 0.637500 0.006250 0.008333
0 0.351562 0.654167 0.006250 0.008333
0 0.307812 0.668750 0.006250 0.008333
0 0.404687 0.714583 0.006250 0.008333
0 0.387500 0.718750 0.006250 0.008333
0 0.378125 0.722917 0.006250 0.008333
0 0.346875 0.720833 0.006250 0.008333
0 0.307812 0.718750 0.006250 0.008333
0 0.304688 0.754167 0.012500 0.016667
0 0.270313 0.747917 0.006250 0.008333
0 0.100000 0.706250 0.006250 0.008333
0 0.062500 0.722917 0.006250 0.008333