0 0.781250 0.847917 0.012500 0.016667
0 0.732812 0.843750 0.012500 0.016667
0 0.729688 0.814583 0.012500 0.016667
0 0.621875 0.743750 0.006250 0.008333
0 0.617188 0.737500 0.006250 0.008333
0 0.612500 0.743750 0.006250 0.008333
0 0.606250 0.739583 0.006250 0.008333
0 0.620313 0.704167 0.006250 0.008333
0 0.612500 0.706250 0.006250 0.008333
0 0.600000 0.706250 0.006250 0.008333
0 0.545312 0.710417 0.006250 0.008333
0 0.537500 0.710417 0.006250 0.008333
0 0.532813 0.706250 0.006250 0.008333
0 0.528125 0.718750 0.006250 0.008333
0 0.525000 0.710417 0.006250 0.008333
0 0.506250 0.737500 0.006250 0.008333
0 0.584375 0.672917 0.006250 0.008333
0 0.601562 0.677083 0.006250 0.008333
0 0.590625 0.685417 0.006250 0.008333
0 0.595313 0.664583 0.006250 0.008333
0 0.589063 0.672917 0.006250 0.008333
0 0.595313 0.677083 0.006250 0.008333
0 0.584375 0.685417 0.006250 0.008333
0 0.600000 0.687500 0.006250 0.008333