0 0.543750 0.668750 0.006250 0.008333
0 0.546875 0.675000 0.006250 0.008333
0 0.560937 0.685417 0.006250 0.008333
0 0.623437 0.708333 0.006250 0.008333
0 0.615625 0.704167 0.006250 0.008333
0 0.610938 0.708333 0.006250 0.008333
0 0.607812 0.700000 0.006250 0.008333
0 0.604688 0.691667 0.006250 0.008333
0 0.596875 0.695833 0.006250 0.008333
0 0.590625 0.691667 0.006250 0.008333
0 0.584375 0.700000 0.006250 0.008333
0 0.576562 0.691667 0.006250 0.008333
0 0.546875 0.700000 0.006250 0.008333
0 0.542188 0.695833 0.006250 0.008333
0 0.534375 0.695833 0.006250 0.008333
0 0.537500 0.687500 0.006250 0.008333
0 0.515625 0.685417 0.006250 0.008333
0 0.510938 0.689583 0.006250 0.008333
0 0.507812 0.685417 0.006250 0.008333
0 0.501563 0.647917 0.006250 0.008333
0 0.495312 0.654167 0.006250 0.008333
0 0.492188 0.650000 0.006250 0.008333
0 0.587500 0.645833 0.006250 0.008333
0 0.589063 0.654167 0.006250 0.008333
0 0.585938 0.656250 0.006250 0.008333
0 0.607812 0.650000 0.006250 0.008333
0 0.614062 0.660417 0.006250 0.008333
0 0.642188 0.670833 0.006250 0.008333
0 0.659375 0.681250 0.006250 0.008333
0 0.704688 0.652083 0.006250 0.008333
0 0.690625 0.658333 0.006250 0.008333
0 0.714063 0.666667 0.006250 0.008333
0 0.759375 0.656250 0.006250 0.008333
0 0.748437 0.654167 0.006250 0.008333
0 0.829688 0.677083 0.006250 0.008333
0 0.804688 0.687500 0.006250 0.008333
0 0.762500 0.704167 0.006250 0.008333
0 0.726562 0.745833 0.006250 0.008333
0 0.700000 0.718750 0.006250 0.008333
0 0.681250 0.741667 0.006250 0.008333
0 0.681250 0.754167 0.012500 0.016667
0 0.650000 0.741667 0.006250 0.008333
0 0.643750 0.770833 0.012500 0.016667
0 0.628125 0.735417 0.006250 0.008333
0 0.593750 0.722917 0.006250 0.008333
0 0.596875 0.735417 0.006250 0.008333
0 0.585938 0.731250 0.006250 0.008333
0 0.579688 0.731250 0.006250 0.008333
0 0.562500 0.714583 0.006250 0.008333
0 0.562500 0.731250 0.006250 0.008333
0 0.545312 0.747917 0.006250 0.008333
0 0.539062 0.752083 0.012500 0.016667
0 0.531250 0.710417 0.006250 0.008333
0 0.520312 0.722917 0.006250 0.008333
0 0.498437 0.718750 0.006250 0.008333
0 0.495312 0.693750 0.006250 0.008333
0 0.490625 0.687500 0.006250 0.008333
0 0.476562 0.689583 0.006250 0.008333
0 0.440625 0.650000 0.006250 0.008333
0 0.445312 0.681250 0.006250 0.008333
0 0.435937 0.702083 0.006250 0.008333
0 0.426563 0.706250 0.006250 0.008333
0 0.454688 0.718750 0.006250 0.008333
0 0.451562 0.725000 0.006250 0.008333
0 0.429688 0.741667 0.006250 0.008333
0 0.487500 0.737500 0.006250 0.008333
0 0.473438 0.758333 0.012500 0.016667
0 0.454688 0.760417 0.012500 0.016667
0 0.507812 0.779167 0.012500 0.016667
0 0.500000 0.768750 0.012500 0.016667
0 0.485938 0.779167 0.012500 0.016667
0 0.471875 0.785417 0.012500 0.016667
0 0.304688 0.668750 0.006250 0.008333
0 0.301563 0.683333 0.006250 0.008333
0 0.267188 0.752083 0.012500 0.016667
0 0.187500 0.710417 0.006250 0.008333
0 0.929688 0.766667 0.012500 0.016667
0 0.831250 0.768750 0.012500 0.016667
0 0.806250 0.793750 0.012500 0.016667
0 0.779687 0.850000 0.012500 0.016667
0 0.737500 0.877083 0.012500 0.016667
0 0.937500 0.831250 0.012500 0.016667
0 0.964063 0.835417 0.012500 0.016667
0 0.956250 0.841667 0.012500 0.016667
0 0.946875 0.852083 0.012500 0.016667
0 0.923438 0.854167 0.012500 0.016667
0 0.903125 0.889583 0.012500 0.016667
0 0.971875 0.943750 0.012500 0.016667