0 0.540685 0.0166388 0.0160857 0.0311084
0 0.898857 0.545954 0.0307789 0.0526859
0 0.659981 0.378626 0.0244984 0.0442214
0 0.892579 0.0889296 0.0199956 0.0354833
0 0.196229 0.952273 0.0400192 0.0710899
0 0.827079 0.491734 0.0304016 0.0516293
0 0.302713 0.146457 0.0184382 0.0351538
0 0.707152 0.329925 0.0234469 0.0434091
0 0.561638 0.181377 0.0187772 0.0366562
0 0.905505 0.217987 0.0226865 0.0418211
0 0.503847 0.526423 0.0261978 0.0493264
0 0.172612 0.302802 0.0233526 0.041053
0 0.409603 0.208389 0.0196537 0.0375888
