0 0.564476 0.758729 0.028996 0.0535361
0 0.728139 0.225398 0.0190135 0.0349732
0 0.332385 0.289195 0.01959 0.034547
0 0.20652 0.415703 0.0224769 0.0377038
0 0.603811 0.400505 0.0220367 0.0387178
0 0.753188 0.423502 0.0239836 0.0418893
0 0.947354 0.547848 0.0282083 0.0486023
0 0.528045 0.253875 0.0183423 0.0341956
0 0.767308 0.180329 0.0188024 0.0337082
0 0.921171 0.597597 0.028922 0.0511674
0 0.688374 0.326535 0.0208608 0.0387368
0 0.486293 0.152959 0.0165492 0.0311703
0 0.129583 0.0740938 0.0144309 0.0254667
