0 0.832208 0.276587 0.0186497 0.0336035
0 0.755325 0.699328 0.0288924 0.0512779
0 0.225771 0.297257 0.0184997 0.0310664
0 0.294187 0.676368 0.0263457 0.0474537
0 0.965135 0.564254 0.0277498 0.0467376
0 0.373712 0.237048 0.0174238 0.0316566
0 0.756646 0.306733 0.0193782 0.0346317
0 0.644582 0.495154 0.0231496 0.0413549
0 0.524762 0.414881 0.0208674 0.0363948
0 0.684184 0.655724 0.0271353 0.0468464
0 0.339164 0.0205172 0.012709 0.0230802
0 0.57379 0.165227 0.0160774 0.0296321
0 0.548914 0.265137 0.0180238 0.0331344
