0 0.781250 0.847917 0.012500 0.016667
0 0.732812 0.843750 0.012500 0.016667
0 0.731250 0.812500 0.012500 0.016667
0 0.621875 0.743750 0.006250 0.008333
0 0.618750 0.737500 0.006250 0.008333
0 0.610938 0.743750 0.006250 0.008333
0 0.606250 0.743750 0.006250 0.008333
0 0.618750 0.704167 0.006250 0.008333
0 0.612500 0.706250 0.006250 0.008333
0 0.601562 0.704167 0.006250 0.008333
0 0.596875 0.656250 0.006250 0.008333
0 0.601562 0.664583 0.006250 0.008333
0 0.603125 0.685417 0.006250 0.008333
0 0.590625 0.681250 0.006250 0.008333
0 0.600000 0.679167 0.006250 0.008333
0 0.603125 0.672917 0.006250 0.008333
0 0.590625 0.677083 0.006250 0.008333
0 0.593750 0.691667 0.006250 0.008333
0 0.582812 0.687500 0.006250 0.008333
0 0.581250 0.677083 0.006250 0.008333
0 0.593750 0.677083 0.006250 0.008333
0 0.545312 0.710417 0.006250 0.008333
0 0.537500 0.708333 0.006250 0.008333
0 0.531250 0.708333 0.006250 0.008333
0 0.528125 0.718750 0.006250 0.008333
0 0.526563 0.710417 0.006250 0.008333
0 0.504687 0.739583 0.006250 0.008333