0 0.782813 0.850000 0.012500 0.016667
0 0.731250 0.845833 0.012500 0.016667
0 0.731250 0.810417 0.012500 0.016667
0 0.621875 0.743750 0.006250 0.008333
0 0.700000 0.714583 0.006250 0.008333
0 0.617188 0.737500 0.006250 0.008333
0 0.612500 0.739583 0.006250 0.008333
0 0.607812 0.741667 0.006250 0.008333
0 0.656250 0.679167 0.006250 0.008333
0 0.642188 0.670833 0.006250 0.008333
0 0.629687 0.687500 0.006250 0.008333
0 0.628125 0.697917 0.006250 0.008333
0 0.620313 0.704167 0.006250 0.008333
0 0.612500 0.706250 0.006250 0.008333
0 0.600000 0.704167 0.006250 0.008333
0 0.609375 0.650000 0.006250 0.008333
0 0.584375 0.697917 0.006250 0.008333
0 0.579688 0.695833 0.006250 0.008333
0 0.578125 0.675000 0.006250 0.008333
0 0.545312 0.714583 0.006250 0.008333
0 0.503125 0.737500 0.006250 0.008333
0 0.521875 0.693750 0.006250 0.008333
0 0.534375 0.689583 0.006250 0.008333
0 0.542188 0.695833 0.006250 0.008333
0 0.534375 0.700000 0.006250 0.008333
0 0.537500 0.708333 0.006250 0.008333
0 0.548438 0.700000 0.006250 0.008333
0 0.548438 0.708333 0.006250 0.008333
0 0.537500 0.681250 0.006250 0.008333