0 0.982812 0.702083 0.006250 0.008333
0 0.934375 0.647917 0.006250 0.008333
0 0.985938 0.864583 0.012500 0.016667
0 0.964063 0.839583 0.012500 0.016667
0 0.920312 0.854167 0.012500 0.016667
0 0.970313 0.779167 0.012500 0.016667
0 0.960938 0.777083 0.012500 0.016667
0 0.912500 0.720833 0.006250 0.008333
0 0.893750 0.716667 0.006250 0.008333
0 0.820312 0.687500 0.006250 0.008333
0 0.793750 0.641667 0.006250 0.008333
0 0.803125 0.685417 0.006250 0.008333
0 0.815625 0.800000 0.012500 0.016667
0 0.742188 0.637500 0.006250 0.008333
0 0.734375 0.633333 0.006250 0.008333
0 0.746875 0.652083 0.006250 0.008333
0 0.714063 0.664583 0.006250 0.008333
0 0.715625 0.672917 0.006250 0.008333
0 0.726562 0.745833 0.006250 0.008333
0 0.698438 0.693750 0.006250 0.008333
0 0.701562 0.704167 0.006250 0.008333
0 0.698438 0.716667 0.006250 0.008333
0 0.645312 0.658333 0.006250 0.008333
0 0.640625 0.668750 0.006250 0.008333
0 0.654687 0.700000 0.006250 0.008333
0 0.656250 0.737500 0.006250 0.008333
0 0.626563 0.802083 0.012500 0.016667
0 0.632812 0.806250 0.012500 0.016667
0 0.632812 0.820833 0.012500 0.016667
0 0.617188 0.808333 0.012500 0.016667
0 0.607812 0.654167 0.006250 0.008333
0 0.615625 0.660417 0.006250 0.008333
0 0.623437 0.706250 0.006250 0.008333
0 0.617188 0.700000 0.006250 0.008333
0 0.612500 0.706250 0.006250 0.008333
0 0.596875 0.695833 0.006250 0.008333
0 0.581250 0.658333 0.006250 0.008333
0 0.584375 0.735417 0.006250 0.008333
0 0.564063 0.706250 0.006250 0.008333
0 0.560937 0.710417 0.006250 0.008333
0 0.545312 0.706250 0.006250 0.008333
0 0.560937 0.647917 0.006250 0.008333
0 0.551562 0.664583 0.006250 0.008333
0 0.539062 0.672917 0.006250 0.008333
0 0.526563 0.662500 0.006250 0.008333
0 0.518750 0.635417 0.006250 0.008333
0 0.503125 0.647917 0.006250 0.008333
0 0.496875 0.652083 0.006250 0.008333
0 0.487500 0.652083 0.006250 0.008333
0 0.506250 0.666667 0.006250 0.008333
0 0.514062 0.677083 0.006250 0.008333
0 0.510938 0.689583 0.006250 0.008333
0 0.493750 0.685417 0.006250 0.008333
0 0.475000 0.664583 0.006250 0.008333
0 0.532813 0.693750 0.006250 0.008333
0 0.535937 0.706250 0.006250 0.008333
0 0.528125 0.708333 0.006250 0.008333
0 0.540625 0.716667 0.006250 0.008333
0 0.521875 0.722917 0.006250 0.008333
0 0.539062 0.750000 0.012500 0.016667
0 0.484375 0.781250 0.012500 0.016667
0 0.456250 0.758333 0.012500 0.016667
0 0.498437 0.714583 0.006250 0.008333
0 0.476562 0.685417 0.006250 0.008333
0 0.476562 0.693750 0.006250 0.008333
0 0.451562 0.633333 0.006250 0.008333
0 0.412500 0.641667 0.006250 0.008333
0 0.425000 0.662500 0.006250 0.008333
0 0.434375 0.664583 0.006250 0.008333
0 0.440625 0.666667 0.006250 0.008333
0 0.445312 0.679167 0.006250 0.008333
0 0.437500 0.704167 0.006250 0.008333
0 0.404687 0.710417 0.006250 0.008333
0 0.390625 0.718750 0.006250 0.008333
0 0.381250 0.727083 0.006250 0.008333
0 0.364063 0.752083 0.012500 0.016667
0 0.343750 0.718750 0.006250 0.008333
0 0.328125 0.745833 0.006250 0.008333
0 0.309375 0.716667 0.006250 0.008333
0 0.351562 0.650000 0.006250 0.008333
0 0.337500 0.641667 0.006250 0.008333
0 0.306250 0.672917 0.006250 0.008333
0 0.101562 0.706250 0.006250 0.008333
0 0.064062 0.722917 0.006250 0.008333