0 0.781250 0.852083 0.012500 0.016667
0 0.731250 0.839583 0.012500 0.016667
0 0.731250 0.814583 0.012500 0.016667
0 0.696875 0.720833 0.006250 0.008333
0 0.620313 0.745833 0.006250 0.008333
0 0.614062 0.743750 0.006250 0.008333
0 0.604688 0.743750 0.006250 0.008333
0 0.620313 0.710417 0.006250 0.008333
0 0.612500 0.706250 0.006250 0.008333
0 0.600000 0.704167 0.006250 0.008333
0 0.629687 0.695833 0.006250 0.008333
0 0.629687 0.687500 0.006250 0.008333
0 0.642188 0.670833 0.006250 0.008333
0 0.657813 0.679167 0.006250 0.008333
0 0.609375 0.652083 0.006250 0.008333
0 0.582812 0.695833 0.006250 0.008333
0 0.578125 0.695833 0.006250 0.008333
0 0.579688 0.677083 0.006250 0.008333
0 0.539062 0.710417 0.006250 0.008333
0 0.535937 0.712500 0.006250 0.008333
0 0.529687 0.710417 0.006250 0.008333
0 0.503125 0.737500 0.006250 0.008333
0 0.546875 0.689583 0.006250 0.008333
0 0.542188 0.693750 0.006250 0.008333
0 0.535937 0.689583 0.006250 0.008333
0 0.532813 0.695833 0.006250 0.008333
0 0.523438 0.695833 0.006250 0.008333
0 0.515625 0.693750 0.006250 0.008333
0 0.467187 0.710417 0.006250 0.008333
0 0.456250 0.712500 0.006250 0.008333
0 0.373437 0.693750 0.006250 0.008333
0 0.362500 0.693750 0.006250 0.008333
0 0.367188 0.687500 0.006250 0.008333
0 0.375000 0.687500 0.006250 0.008333
0 0.365625 0.702083 0.006250 0.008333
0 0.375000 0.704167 0.006250 0.008333
0 0.382812 0.695833 0.006250 0.008333
0 0.371875 0.697917 0.006250 0.008333
0 0.360938 0.685417 0.006250 0.008333