0 0.357259 0.630974 0.0256566 0.0459644
0 0.239076 0.282363 0.0183554 0.0311492
0 0.796513 0.611219 0.0274274 0.0480759
0 0.824067 0.223353 0.018239 0.0326801
0 0.671536 0.436572 0.0221394 0.0395143
0 0.378453 0.215929 0.0170387 0.0321471
0 0.972885 0.473369 0.0258481 0.0437089
0 0.548546 0.372042 0.0201914 0.0361294
0 0.553741 0.230218 0.0182381 0.0335163
0 0.566256 0.135212 0.0161715 0.0294212
0 0.729044 0.618227 0.0268921 0.0471616
0 0.756525 0.255752 0.0187532 0.0332251
0 0.316767 0.0101342 0.0129079 0.0202685
