0 0.432292 0.318888 0.0191675 0.0364126
0 0.640367 0.302674 0.0198466 0.0366527
0 0.232041 0.32033 0.0203798 0.0340591
0 0.669855 0.205841 0.0183141 0.034237
0 0.421288 0.275502 0.0186908 0.0343565
0 0.409346 0.541599 0.0248268 0.0451861
0 0.650149 0.0915739 0.0164169 0.0304408
0 0.402688 0.175916 0.0170488 0.0316759
0 0.855089 0.324801 0.0218193 0.0390508
0 0.781476 0.165898 0.0178805 0.0330488
0 0.647681 0.699341 0.0289136 0.0518769
0 0.253358 0.343477 0.0205242 0.037166
0 0.997517 0.41351 0.00496699 0.0385994
