0 0.934375 0.645833 0.006250 0.008333
0 0.981250 0.702083 0.006250 0.008333
0 0.921875 0.683333 0.006250 0.008333
0 0.895312 0.716667 0.006250 0.008333
0 0.914062 0.722917 0.006250 0.008333
0 0.931250 0.745833 0.006250 0.008333
0 0.928125 0.766667 0.012500 0.016667
0 0.967187 0.835417 0.012500 0.016667
0 0.957812 0.839583 0.012500 0.016667
0 0.921875 0.854167 0.012500 0.016667
0 0.839063 0.766667 0.012500 0.016667
0 0.815625 0.804167 0.012500 0.016667
0 0.831250 0.677083 0.006250 0.008333
0 0.804688 0.687500 0.006250 0.008333
0 0.793750 0.641667 0.006250 0.008333
0 0.746875 0.652083 0.006250 0.008333
0 0.745313 0.631250 0.006250 0.008333
0 0.732812 0.635417 0.006250 0.008333
0 0.703125 0.652083 0.006250 0.008333
0 0.714063 0.664583 0.006250 0.008333
0 0.714063 0.672917 0.006250 0.008333
0 0.717187 0.702083 0.006250 0.008333
0 0.700000 0.706250 0.006250 0.008333
0 0.698438 0.693750 0.006250 0.008333
0 0.700000 0.718750 0.006250 0.008333
0 0.692187 0.737500 0.006250 0.008333
0 0.726562 0.747917 0.006250 0.008333
0 0.704688 0.766667 0.012500 0.016667
0 0.657813 0.735417 0.006250 0.008333
0 0.634375 0.806250 0.012500 0.016667
0 0.628125 0.804167 0.012500 0.016667
0 0.631250 0.822917 0.012500 0.016667
0 0.615625 0.806250 0.012500 0.016667
0 0.654687 0.702083 0.006250 0.008333
0 0.642188 0.668750 0.006250 0.008333
0 0.637500 0.637500 0.006250 0.008333
0 0.615625 0.660417 0.006250 0.008333
0 0.609375 0.652083 0.006250 0.008333
0 0.623437 0.706250 0.006250 0.008333
0 0.617188 0.697917 0.006250 0.008333
0 0.610938 0.706250 0.006250 0.008333
0 0.609375 0.697917 0.006250 0.008333
0 0.596875 0.695833 0.006250 0.008333
0 0.584375 0.731250 0.006250 0.008333
0 0.564063 0.708333 0.006250 0.008333
0 0.560937 0.712500 0.006250 0.008333
0 0.545312 0.708333 0.006250 0.008333
0 0.534375 0.708333 0.006250 0.008333
0 0.528125 0.710417 0.006250 0.008333
0 0.521875 0.722917 0.006250 0.008333
0 0.540625 0.754167 0.012500 0.016667
0 0.535937 0.693750 0.006250 0.008333
0 0.582812 0.656250 0.006250 0.008333
0 0.559375 0.650000 0.006250 0.008333
0 0.553125 0.664583 0.006250 0.008333
0 0.540625 0.668750 0.006250 0.008333
0 0.528125 0.662500 0.006250 0.008333
0 0.518750 0.635417 0.006250 0.008333
0 0.503125 0.647917 0.006250 0.008333
0 0.496875 0.654167 0.006250 0.008333
0 0.492188 0.650000 0.006250 0.008333
0 0.507812 0.666667 0.006250 0.008333
0 0.512500 0.677083 0.006250 0.008333
0 0.514062 0.685417 0.006250 0.008333
0 0.510938 0.689583 0.006250 0.008333
0 0.493750 0.685417 0.006250 0.008333
0 0.496875 0.716667 0.006250 0.008333
0 0.475000 0.666667 0.006250 0.008333
0 0.451562 0.633333 0.006250 0.008333
0 0.412500 0.643750 0.006250 0.008333
0 0.478125 0.687500 0.006250 0.008333
0 0.475000 0.695833 0.006250 0.008333
0 0.445312 0.679167 0.006250 0.008333
0 0.440625 0.666667 0.006250 0.008333
0 0.431250 0.664583 0.006250 0.008333
0 0.425000 0.662500 0.006250 0.008333
0 0.434375 0.704167 0.006250 0.008333
0 0.351562 0.650000 0.006250 0.008333
0 0.337500 0.641667 0.006250 0.008333
0 0.306250 0.672917 0.006250 0.008333
0 0.251563 0.660417 0.006250 0.008333
0 0.100000 0.706250 0.006250 0.008333
0 0.064062 0.722917 0.006250 0.008333
0 0.484375 0.779167 0.012500 0.016667
0 0.454688 0.758333 0.012500 0.016667
0 0.403125 0.708333 0.006250 0.008333
0 0.389062 0.722917 0.006250 0.008333
0 0.378125 0.725000 0.006250 0.008333
0 0.345313 0.722917 0.006250 0.008333
0 0.312500 0.718750 0.006250 0.008333