0 0.982812 0.702083 0.006250 0.008333
0 0.934375 0.645833 0.006250 0.008333
0 0.920312 0.681250 0.006250 0.008333
0 0.893750 0.716667 0.006250 0.008333
0 0.910937 0.718750 0.006250 0.008333
0 0.931250 0.743750 0.006250 0.008333
0 0.928125 0.766667 0.012500 0.016667
0 0.964063 0.839583 0.012500 0.016667
0 0.956250 0.841667 0.012500 0.016667
0 0.917188 0.852083 0.012500 0.016667
0 0.834375 0.768750 0.012500 0.016667
0 0.817187 0.802083 0.012500 0.016667
0 0.829688 0.677083 0.006250 0.008333
0 0.793750 0.639583 0.006250 0.008333
0 0.801562 0.687500 0.006250 0.008333
0 0.743750 0.635417 0.006250 0.008333
0 0.731250 0.635417 0.006250 0.008333
0 0.748437 0.650000 0.006250 0.008333
0 0.703125 0.654167 0.006250 0.008333
0 0.715625 0.662500 0.006250 0.008333
0 0.717187 0.672917 0.006250 0.008333
0 0.698438 0.691667 0.006250 0.008333
0 0.703125 0.702083 0.006250 0.008333
0 0.698438 0.716667 0.006250 0.008333
0 0.726562 0.743750 0.006250 0.008333
0 0.679688 0.764583 0.012500 0.016667
0 0.671875 0.693750 0.006250 0.008333
0 0.654687 0.700000 0.006250 0.008333
0 0.650000 0.731250 0.006250 0.008333
0 0.659375 0.739583 0.006250 0.008333
0 0.632812 0.806250 0.012500 0.016667
0 0.628125 0.802083 0.012500 0.016667
0 0.631250 0.818750 0.012500 0.016667
0 0.615625 0.806250 0.012500 0.016667
0 0.640625 0.672917 0.006250 0.008333
0 0.637500 0.639583 0.006250 0.008333
0 0.615625 0.660417 0.006250 0.008333
0 0.609375 0.650000 0.006250 0.008333
0 0.621875 0.708333 0.006250 0.008333
0 0.614062 0.697917 0.006250 0.008333
0 0.610938 0.706250 0.006250 0.008333
0 0.607812 0.700000 0.006250 0.008333
0 0.596875 0.697917 0.006250 0.008333
0 0.585938 0.733333 0.006250 0.008333
0 0.564063 0.708333 0.006250 0.008333
0 0.560937 0.712500 0.006250 0.008333
0 0.582812 0.658333 0.006250 0.008333
0 0.560937 0.647917 0.006250 0.008333
0 0.550000 0.666667 0.006250 0.008333
0 0.539062 0.672917 0.006250 0.008333
0 0.528125 0.662500 0.006250 0.008333
0 0.517188 0.637500 0.006250 0.008333
0 0.546875 0.708333 0.006250 0.008333
0 0.534375 0.693750 0.006250 0.008333
0 0.535937 0.708333 0.006250 0.008333
0 0.528125 0.710417 0.006250 0.008333
0 0.540625 0.754167 0.012500 0.016667
0 0.520312 0.725000 0.006250 0.008333
0 0.484375 0.779167 0.012500 0.016667
0 0.456250 0.756250 0.012500 0.016667
0 0.496875 0.714583 0.006250 0.008333
0 0.501563 0.645833 0.006250 0.008333
0 0.496875 0.650000 0.006250 0.008333
0 0.489063 0.647917 0.006250 0.008333
0 0.507812 0.664583 0.006250 0.008333
0 0.514062 0.675000 0.006250 0.008333
0 0.510938 0.687500 0.006250 0.008333
0 0.493750 0.685417 0.006250 0.008333
0 0.478125 0.689583 0.006250 0.008333
0 0.476562 0.691667 0.006250 0.008333
0 0.473438 0.664583 0.006250 0.008333
0 0.453125 0.631250 0.006250 0.008333
0 0.414062 0.639583 0.006250 0.008333
0 0.445312 0.677083 0.006250 0.008333
0 0.442188 0.664583 0.006250 0.008333
0 0.434375 0.662500 0.006250 0.008333
0 0.421875 0.662500 0.006250 0.008333
0 0.437500 0.704167 0.006250 0.008333
0 0.403125 0.710417 0.006250 0.008333
0 0.389062 0.718750 0.006250 0.008333
0 0.379688 0.725000 0.006250 0.008333
0 0.343750 0.720833 0.006250 0.008333
0 0.351562 0.650000 0.006250 0.008333
0 0.335938 0.641667 0.006250 0.008333
0 0.306250 0.670833 0.006250 0.008333
0 0.309375 0.718750 0.006250 0.008333
0 0.253125 0.660417 0.006250 0.008333
0 0.101562 0.708333 0.006250 0.008333
0 0.062500 0.725000 0.006250 0.008333