0 0.992969 0.775000 0.010937 0.016667
0 0.948438 0.766667 0.012500 0.016667
0 0.942187 0.760417 0.012500 0.016667
0 0.965625 0.839583 0.012500 0.016667
0 0.957812 0.841667 0.012500 0.016667
0 0.940625 0.831250 0.012500 0.016667
0 0.946875 0.850000 0.012500 0.016667
0 0.920312 0.852083 0.012500 0.016667
0 0.903125 0.891667 0.012500 0.016667
0 0.914062 0.716667 0.006250 0.008333
0 0.854688 0.687500 0.006250 0.008333
0 0.828125 0.675000 0.006250 0.008333
0 0.801562 0.685417 0.006250 0.008333
0 0.831250 0.770833 0.012500 0.016667
0 0.757812 0.654167 0.006250 0.008333
0 0.746875 0.652083 0.006250 0.008333
0 0.760938 0.704167 0.006250 0.008333
0 0.715625 0.666667 0.006250 0.008333
0 0.703125 0.647917 0.006250 0.008333
0 0.689063 0.658333 0.006250 0.008333
0 0.698438 0.716667 0.006250 0.008333
0 0.740625 0.737500 0.006250 0.008333
0 0.726562 0.747917 0.006250 0.008333
0 0.728125 0.812500 0.012500 0.016667
0 0.734375 0.843750 0.012500 0.016667
0 0.779687 0.847917 0.012500 0.016667
0 0.676562 0.766667 0.012500 0.016667
0 0.679688 0.752083 0.012500 0.016667
0 0.679688 0.747917 0.006250 0.008333
0 0.675000 0.754167 0.012500 0.016667
0 0.656250 0.681250 0.006250 0.008333
0 0.642188 0.668750 0.006250 0.008333
0 0.650000 0.741667 0.006250 0.008333
0 0.651563 0.770833 0.012500 0.016667
0 0.639062 0.766667 0.012500 0.016667
0 0.609375 0.650000 0.006250 0.008333
0 0.614062 0.658333 0.006250 0.008333
0 0.629687 0.685417 0.006250 0.008333
0 0.628125 0.700000 0.006250 0.008333
0 0.623437 0.708333 0.006250 0.008333
0 0.617188 0.708333 0.006250 0.008333
0 0.612500 0.710417 0.006250 0.008333
0 0.610938 0.704167 0.006250 0.008333
0 0.623437 0.727083 0.006250 0.008333
0 0.628125 0.735417 0.006250 0.008333
0 0.610938 0.737500 0.006250 0.008333
0 0.598437 0.739583 0.006250 0.008333
0 0.603125 0.758333 0.012500 0.016667
0 0.596875 0.689583 0.006250 0.008333
0 0.589063 0.643750 0.006250 0.008333
0 0.582812 0.654167 0.006250 0.008333
0 0.559375 0.647917 0.006250 0.008333
0 0.582812 0.695833 0.006250 0.008333
0 0.578125 0.693750 0.006250 0.008333
0 0.578125 0.716667 0.006250 0.008333
0 0.570312 0.737500 0.006250 0.008333
0 0.560937 0.714583 0.006250 0.008333
0 0.550000 0.702083 0.006250 0.008333
0 0.542188 0.697917 0.006250 0.008333
0 0.532813 0.693750 0.006250 0.008333
0 0.531250 0.708333 0.006250 0.008333
0 0.512500 0.689583 0.006250 0.008333
0 0.501563 0.645833 0.006250 0.008333
0 0.495312 0.654167 0.006250 0.008333
0 0.489063 0.647917 0.006250 0.008333
0 0.471875 0.670833 0.006250 0.008333
0 0.489063 0.685417 0.006250 0.008333
0 0.501563 0.689583 0.006250 0.008333
0 0.495312 0.695833 0.006250 0.008333
0 0.510938 0.716667 0.006250 0.008333
0 0.504687 0.708333 0.006250 0.008333
0 0.498437 0.714583 0.006250 0.008333
0 0.501563 0.743750 0.006250 0.008333
0 0.520312 0.779167 0.012500 0.016667
0 0.506250 0.783333 0.012500 0.016667
0 0.493750 0.775000 0.012500 0.016667
0 0.485938 0.775000 0.012500 0.016667
0 0.475000 0.772917 0.012500 0.016667
0 0.468750 0.745833 0.006250 0.008333
0 0.456250 0.756250 0.012500 0.016667
0 0.456250 0.712500 0.006250 0.008333
0 0.445312 0.679167 0.006250 0.008333
0 0.440625 0.652083 0.006250 0.008333
0 0.429688 0.739583 0.006250 0.008333
0 0.375000 0.635417 0.006250 0.008333
0 0.367188 0.702083 0.006250 0.008333
0 0.357812 0.708333 0.006250 0.008333
0 0.304688 0.668750 0.006250 0.008333
0 0.267188 0.754167 0.012500 0.016667
0 0.182812 0.708333 0.006250 0.008333