0 0.335938 0.639583 0.006250 0.008333
0 0.353125 0.654167 0.006250 0.008333
0 0.300000 0.658333 0.006250 0.008333
0 0.307812 0.670833 0.006250 0.008333
0 0.292187 0.729167 0.006250 0.008333
0 0.359375 0.708333 0.006250 0.008333
0 0.389062 0.760417 0.012500 0.016667
0 0.368750 0.829167 0.012500 0.016667
0 0.440625 0.650000 0.006250 0.008333
0 0.423438 0.664583 0.006250 0.008333
0 0.440625 0.666667 0.006250 0.008333
0 0.446875 0.679167 0.006250 0.008333
0 0.435937 0.702083 0.006250 0.008333
0 0.429688 0.706250 0.006250 0.008333
0 0.429688 0.743750 0.006250 0.008333
0 0.829688 0.677083 0.006250 0.008333
0 0.803125 0.685417 0.006250 0.008333
0 0.759375 0.654167 0.006250 0.008333
0 0.748437 0.652083 0.006250 0.008333
0 0.715625 0.666667 0.006250 0.008333
0 0.703125 0.654167 0.006250 0.008333
0 0.687500 0.658333 0.006250 0.008333
0 0.762500 0.704167 0.006250 0.008333
0 0.810937 0.731250 0.006250 0.008333
0 0.831250 0.770833 0.012500 0.016667
0 0.840625 0.806250 0.012500 0.016667
0 0.926562 0.766667 0.012500 0.016667
0 0.946875 0.800000 0.012500 0.016667
0 0.967187 0.837500 0.012500 0.016667
0 0.954688 0.841667 0.012500 0.016667
0 0.945312 0.850000 0.012500 0.016667
0 0.920312 0.854167 0.012500 0.016667
0 0.971875 0.941667 0.012500 0.016667
0 0.781250 0.847917 0.012500 0.016667
0 0.768750 0.850000 0.012500 0.016667
0 0.726562 0.747917 0.006250 0.008333
0 0.700000 0.718750 0.006250 0.008333
0 0.678125 0.743750 0.006250 0.008333
0 0.648438 0.743750 0.006250 0.008333
0 0.642188 0.670833 0.006250 0.008333
0 0.614062 0.762500 0.012500 0.016667
0 0.610938 0.737500 0.006250 0.008333
0 0.576562 0.831250 0.012500 0.016667
0 0.559375 0.777083 0.012500 0.016667
0 0.545312 0.779167 0.012500 0.016667
0 0.539062 0.750000 0.012500 0.016667
0 0.581250 0.697917 0.006250 0.008333
0 0.575000 0.695833 0.006250 0.008333
0 0.565625 0.660417 0.006250 0.008333
0 0.559375 0.647917 0.006250 0.008333
0 0.501563 0.647917 0.006250 0.008333
0 0.495312 0.652083 0.006250 0.008333
0 0.490625 0.650000 0.006250 0.008333
0 0.496875 0.660417 0.006250 0.008333
0 0.521875 0.660417 0.006250 0.008333
0 0.510938 0.662500 0.006250 0.008333
0 0.514062 0.668750 0.006250 0.008333
0 0.512500 0.675000 0.006250 0.008333
0 0.510938 0.687500 0.006250 0.008333
0 0.501563 0.685417 0.006250 0.008333
0 0.492188 0.683333 0.006250 0.008333
0 0.495312 0.693750 0.006250 0.008333
0 0.476562 0.687500 0.006250 0.008333
0 0.464062 0.718750 0.006250 0.008333
0 0.451562 0.718750 0.006250 0.008333
0 0.451562 0.725000 0.006250 0.008333
0 0.456250 0.758333 0.012500 0.016667
0 0.562500 0.716667 0.006250 0.008333
0 0.559375 0.706250 0.006250 0.008333
0 0.550000 0.700000 0.006250 0.008333
0 0.542188 0.677083 0.006250 0.008333
0 0.542188 0.695833 0.006250 0.008333
0 0.534375 0.697917 0.006250 0.008333
0 0.535937 0.708333 0.006250 0.008333
0 0.534375 0.710417 0.006250 0.008333
0 0.526563 0.706250 0.006250 0.008333
0 0.518750 0.722917 0.006250 0.008333
0 0.503125 0.704167 0.006250 0.008333
0 0.496875 0.716667 0.006250 0.008333
0 0.484375 0.791667 0.012500 0.016667
0 0.485938 0.783333 0.012500 0.016667
0 0.484375 0.781250 0.012500 0.016667