0 0.442127 0.200496 0.0185566 0.0335426
0 0.725448 0.606114 0.0283396 0.0487531
0 0.194475 0.704359 0.0340855 0.0576258
0 0.455879 0.338686 0.0212253 0.038424
0 0.241988 0.356082 0.0226014 0.0394448
0 0.549885 0.549984 0.0252289 0.0462678
0 0.710039 0.330942 0.0221077 0.0388571
0 0.0488088 0.0525172 0.0188264 0.0299052
0 0.459242 0.435648 0.0232622 0.0426212
0 0.90476 0.127308 0.0171724 0.0284155
0 0.488016 0.299642 0.0206168 0.0370642
0 0.758237 0.276675 0.0205195 0.0372187
0 0.513588 0.314626 0.0196445 0.0376986
