0 0.568375 0.37811 0.0218397 0.0384541
0 0.85627 0.591714 0.0280113 0.0498562
0 0.229177 0.319572 0.0195513 0.0333503
0 0.703546 0.429278 0.0233253 0.0411143
0 0.550323 0.231706 0.0192451 0.0335615
0 0.81572 0.198625 0.0191475 0.0330903
0 0.756404 0.237378 0.0199079 0.0353167
0 0.413801 0.674768 0.0272397 0.0486495
0 0.367247 0.233992 0.0175921 0.0316593
0 0.267976 0.0245912 0.0127213 0.022386
0 0.801379 0.636989 0.0283409 0.0490232
0 0.547335 0.133909 0.0167305 0.0315196
0 0.993638 0.430649 0.0127249 0.0390563
