0 0.306250 0.670833 0.006250 0.008333
0 0.359375 0.710417 0.006250 0.008333
0 0.395313 0.695833 0.006250 0.008333
0 0.439063 0.647917 0.006250 0.008333
0 0.490625 0.652083 0.006250 0.008333
0 0.496875 0.650000 0.006250 0.008333
0 0.501563 0.650000 0.006250 0.008333
0 0.496875 0.660417 0.006250 0.008333
0 0.440625 0.666667 0.006250 0.008333
0 0.443750 0.679167 0.006250 0.008333
0 0.439063 0.693750 0.006250 0.008333
0 0.435937 0.704167 0.006250 0.008333
0 0.428125 0.708333 0.006250 0.008333
0 0.453125 0.722917 0.006250 0.008333
0 0.431250 0.737500 0.006250 0.008333
0 0.371875 0.825000 0.012500 0.016667
0 0.456250 0.756250 0.012500 0.016667
0 0.462500 0.783333 0.012500 0.016667
0 0.498437 0.768750 0.012500 0.016667
0 0.485938 0.779167 0.012500 0.016667
0 0.971875 0.941667 0.012500 0.016667
0 0.967187 0.837500 0.012500 0.016667
0 0.959375 0.839583 0.012500 0.016667
0 0.945312 0.852083 0.012500 0.016667
0 0.945312 0.764583 0.012500 0.016667
0 0.929688 0.766667 0.012500 0.016667
0 0.939063 0.831250 0.012500 0.016667
0 0.921875 0.852083 0.012500 0.016667
0 0.903125 0.893750 0.012500 0.016667
0 0.781250 0.852083 0.012500 0.016667
0 0.831250 0.768750 0.012500 0.016667
0 0.829688 0.677083 0.006250 0.008333
0 0.804688 0.687500 0.006250 0.008333
0 0.759375 0.654167 0.006250 0.008333
0 0.748437 0.654167 0.006250 0.008333
0 0.762500 0.704167 0.006250 0.008333
0 0.715625 0.666667 0.006250 0.008333
0 0.701562 0.652083 0.006250 0.008333
0 0.687500 0.658333 0.006250 0.008333
0 0.640625 0.672917 0.006250 0.008333
0 0.696875 0.716667 0.006250 0.008333
0 0.726562 0.747917 0.006250 0.008333
0 0.678125 0.745833 0.006250 0.008333
0 0.668750 0.756250 0.012500 0.016667
0 0.640625 0.770833 0.012500 0.016667
0 0.650000 0.743750 0.006250 0.008333
0 0.628125 0.733333 0.006250 0.008333
0 0.590625 0.731250 0.006250 0.008333
0 0.573438 0.729167 0.006250 0.008333
0 0.542188 0.745833 0.006250 0.008333
0 0.537500 0.754167 0.012500 0.016667
0 0.623437 0.706250 0.006250 0.008333
0 0.612500 0.708333 0.006250 0.008333
0 0.615625 0.662500 0.006250 0.008333
0 0.609375 0.650000 0.006250 0.008333
0 0.589063 0.645833 0.006250 0.008333
0 0.581250 0.658333 0.006250 0.008333
0 0.567187 0.660417 0.006250 0.008333
0 0.560937 0.650000 0.006250 0.008333
0 0.521875 0.658333 0.006250 0.008333
0 0.476562 0.687500 0.006250 0.008333
0 0.493750 0.685417 0.006250 0.008333
0 0.540625 0.668750 0.006250 0.008333
0 0.545312 0.672917 0.006250 0.008333
0 0.550000 0.681250 0.006250 0.008333
0 0.609375 0.679167 0.006250 0.008333
0 0.607812 0.700000 0.006250 0.008333
0 0.603125 0.691667 0.006250 0.008333
0 0.595313 0.700000 0.006250 0.008333
0 0.589063 0.691667 0.006250 0.008333
0 0.582812 0.697917 0.006250 0.008333
0 0.579688 0.691667 0.006250 0.008333
0 0.559375 0.714583 0.006250 0.008333
0 0.559375 0.708333 0.006250 0.008333
0 0.550000 0.697917 0.006250 0.008333
0 0.543750 0.697917 0.006250 0.008333
0 0.535937 0.695833 0.006250 0.008333
0 0.514062 0.683333 0.006250 0.008333
0 0.512500 0.691667 0.006250 0.008333
0 0.495312 0.695833 0.006250 0.008333
0 0.506250 0.708333 0.006250 0.008333
0 0.496875 0.716667 0.006250 0.008333
0 0.479687 0.722917 0.006250 0.008333
0 0.539062 0.708333 0.006250 0.008333
0 0.534375 0.710417 0.006250 0.008333
0 0.521875 0.722917 0.006250 0.008333