0 0.981250 0.704167 0.006250 0.008333
0 0.932813 0.647917 0.006250 0.008333
0 0.921875 0.683333 0.006250 0.008333
0 0.914062 0.718750 0.006250 0.008333
0 0.895312 0.718750 0.006250 0.008333
0 0.931250 0.752083 0.012500 0.016667
0 0.928125 0.766667 0.012500 0.016667
0 0.965625 0.839583 0.012500 0.016667
0 0.959375 0.839583 0.012500 0.016667
0 0.920312 0.850000 0.012500 0.016667
0 0.846875 0.766667 0.012500 0.016667
0 0.815625 0.804167 0.012500 0.016667
0 0.737500 0.762500 0.012500 0.016667
0 0.732812 0.747917 0.006250 0.008333
0 0.725000 0.745833 0.006250 0.008333
0 0.762500 0.714583 0.006250 0.008333
0 0.803125 0.685417 0.006250 0.008333
0 0.829688 0.677083 0.006250 0.008333
0 0.792188 0.639583 0.006250 0.008333
0 0.743750 0.633333 0.006250 0.008333
0 0.731250 0.635417 0.006250 0.008333
0 0.748437 0.656250 0.006250 0.008333
0 0.701562 0.650000 0.006250 0.008333
0 0.715625 0.662500 0.006250 0.008333
0 0.714063 0.668750 0.006250 0.008333
0 0.698438 0.691667 0.006250 0.008333
0 0.704688 0.702083 0.006250 0.008333
0 0.696875 0.720833 0.006250 0.008333
0 0.637500 0.639583 0.006250 0.008333
0 0.609375 0.650000 0.006250 0.008333
0 0.615625 0.656250 0.006250 0.008333
0 0.643750 0.670833 0.006250 0.008333
0 0.654687 0.697917 0.006250 0.008333
0 0.656250 0.741667 0.006250 0.008333
0 0.632812 0.806250 0.012500 0.016667
0 0.628125 0.802083 0.012500 0.016667
0 0.632812 0.816667 0.012500 0.016667
0 0.614062 0.806250 0.012500 0.016667
0 0.623437 0.704167 0.006250 0.008333
0 0.615625 0.700000 0.006250 0.008333
0 0.610938 0.710417 0.006250 0.008333
0 0.607812 0.693750 0.006250 0.008333
0 0.598437 0.697917 0.006250 0.008333
0 0.582812 0.656250 0.006250 0.008333
0 0.559375 0.650000 0.006250 0.008333
0 0.551562 0.664583 0.006250 0.008333
0 0.539062 0.668750 0.006250 0.008333
0 0.587500 0.733333 0.006250 0.008333
0 0.564063 0.708333 0.006250 0.008333
0 0.564063 0.710417 0.006250 0.008333
0 0.548438 0.704167 0.006250 0.008333
0 0.534375 0.693750 0.006250 0.008333
0 0.534375 0.704167 0.006250 0.008333
0 0.528125 0.706250 0.006250 0.008333
0 0.520312 0.725000 0.006250 0.008333
0 0.542188 0.750000 0.012500 0.016667
0 0.484375 0.781250 0.012500 0.016667
0 0.456250 0.758333 0.012500 0.016667
0 0.498437 0.716667 0.006250 0.008333
0 0.512500 0.689583 0.006250 0.008333
0 0.509375 0.685417 0.006250 0.008333
0 0.510938 0.675000 0.006250 0.008333
0 0.528125 0.660417 0.006250 0.008333
0 0.515625 0.635417 0.006250 0.008333
0 0.504687 0.666667 0.006250 0.008333
0 0.503125 0.650000 0.006250 0.008333
0 0.496875 0.654167 0.006250 0.008333
0 0.490625 0.647917 0.006250 0.008333
0 0.475000 0.664583 0.006250 0.008333
0 0.492188 0.687500 0.006250 0.008333
0 0.478125 0.685417 0.006250 0.008333
0 0.475000 0.689583 0.006250 0.008333
0 0.453125 0.635417 0.006250 0.008333
0 0.410938 0.639583 0.006250 0.008333
0 0.445312 0.677083 0.006250 0.008333
0 0.440625 0.666667 0.006250 0.008333
0 0.432812 0.666667 0.006250 0.008333
0 0.423438 0.662500 0.006250 0.008333
0 0.437500 0.706250 0.006250 0.008333
0 0.403125 0.708333 0.006250 0.008333
0 0.392188 0.718750 0.006250 0.008333
0 0.379688 0.725000 0.006250 0.008333
0 0.353125 0.650000 0.006250 0.008333
0 0.335938 0.639583 0.006250 0.008333
0 0.306250 0.668750 0.006250 0.008333
0 0.343750 0.720833 0.006250 0.008333
0 0.310937 0.716667 0.006250 0.008333
0 0.253125 0.658333 0.006250 0.008333
0 0.103125 0.706250 0.006250 0.008333
0 0.062500 0.720833 0.006250 0.008333