0 0.979688 0.829167 0.012500 0.016667
0 0.965625 0.837500 0.012500 0.016667
0 0.957812 0.843750 0.012500 0.016667
0 0.946875 0.852083 0.012500 0.016667
0 0.937500 0.831250 0.012500 0.016667
0 0.923438 0.854167 0.012500 0.016667
0 0.903125 0.891667 0.012500 0.016667
0 0.950000 0.729167 0.006250 0.008333
0 0.925000 0.762500 0.012500 0.016667
0 0.829688 0.677083 0.006250 0.008333
0 0.803125 0.685417 0.006250 0.008333
0 0.829688 0.770833 0.012500 0.016667
0 0.779687 0.847917 0.012500 0.016667
0 0.757812 0.654167 0.006250 0.008333
0 0.748437 0.654167 0.006250 0.008333
0 0.762500 0.704167 0.006250 0.008333
0 0.714063 0.666667 0.006250 0.008333
0 0.703125 0.652083 0.006250 0.008333
0 0.689063 0.658333 0.006250 0.008333
0 0.656250 0.681250 0.006250 0.008333
0 0.640625 0.670833 0.006250 0.008333
0 0.614062 0.658333 0.006250 0.008333
0 0.609375 0.654167 0.006250 0.008333
0 0.589063 0.643750 0.006250 0.008333
0 0.582812 0.654167 0.006250 0.008333
0 0.559375 0.652083 0.006250 0.008333
0 0.503125 0.647917 0.006250 0.008333
0 0.496875 0.652083 0.006250 0.008333
0 0.489063 0.650000 0.006250 0.008333
0 0.359375 0.641667 0.006250 0.008333
0 0.306250 0.670833 0.006250 0.008333
0 0.357812 0.710417 0.006250 0.008333
0 0.265625 0.752083 0.012500 0.016667
0 0.182812 0.708333 0.006250 0.008333
0 0.445312 0.679167 0.006250 0.008333
0 0.446875 0.702083 0.006250 0.008333
0 0.428125 0.708333 0.006250 0.008333
0 0.470313 0.708333 0.006250 0.008333
0 0.456250 0.714583 0.006250 0.008333
0 0.453125 0.725000 0.006250 0.008333
0 0.429688 0.741667 0.006250 0.008333
0 0.456250 0.760417 0.012500 0.016667
0 0.498437 0.679167 0.006250 0.008333
0 0.490625 0.687500 0.006250 0.008333
0 0.629687 0.689583 0.006250 0.008333
0 0.628125 0.697917 0.006250 0.008333
0 0.621875 0.706250 0.006250 0.008333
0 0.617188 0.706250 0.006250 0.008333
0 0.612500 0.708333 0.006250 0.008333
0 0.610938 0.702083 0.006250 0.008333
0 0.598437 0.691667 0.006250 0.008333
0 0.582812 0.695833 0.006250 0.008333
0 0.578125 0.693750 0.006250 0.008333
0 0.550000 0.697917 0.006250 0.008333
0 0.542188 0.693750 0.006250 0.008333
0 0.535937 0.695833 0.006250 0.008333
0 0.510938 0.687500 0.006250 0.008333
0 0.510938 0.697917 0.006250 0.008333
0 0.500000 0.687500 0.006250 0.008333
0 0.493750 0.693750 0.006250 0.008333
0 0.510938 0.716667 0.006250 0.008333
0 0.506250 0.710417 0.006250 0.008333
0 0.498437 0.716667 0.006250 0.008333
0 0.534375 0.706250 0.006250 0.008333
0 0.531250 0.714583 0.006250 0.008333
0 0.560937 0.714583 0.006250 0.008333
0 0.578125 0.718750 0.006250 0.008333
0 0.621875 0.727083 0.006250 0.008333
0 0.698438 0.718750 0.006250 0.008333
0 0.700000 0.727083 0.006250 0.008333
0 0.726562 0.745833 0.006250 0.008333
0 0.679688 0.745833 0.006250 0.008333
0 0.681250 0.756250 0.012500 0.016667
0 0.673438 0.754167 0.012500 0.016667
0 0.651563 0.743750 0.006250 0.008333
0 0.628125 0.735417 0.006250 0.008333
0 0.653125 0.770833 0.012500 0.016667
0 0.640625 0.768750 0.012500 0.016667
0 0.610938 0.737500 0.006250 0.008333
0 0.600000 0.741667 0.006250 0.008333
0 0.595313 0.781250 0.012500 0.016667
0 0.579688 0.731250 0.006250 0.008333
0 0.570312 0.739583 0.006250 0.008333
0 0.545312 0.747917 0.006250 0.008333
0 0.540625 0.750000 0.012500 0.016667
0 0.500000 0.743750 0.006250 0.008333
0 0.500000 0.766667 0.012500 0.016667
0 0.506250 0.781250 0.012500 0.016667
0 0.485938 0.775000 0.012500 0.016667