0 0.971875 0.939583 0.012500 0.016667
0 0.965625 0.837500 0.012500 0.016667
0 0.956250 0.841667 0.012500 0.016667
0 0.946875 0.852083 0.012500 0.016667
0 0.921875 0.854167 0.012500 0.016667
0 0.928125 0.762500 0.012500 0.016667
0 0.900000 0.781250 0.012500 0.016667
0 0.829688 0.677083 0.006250 0.008333
0 0.803125 0.685417 0.006250 0.008333
0 0.757812 0.656250 0.006250 0.008333
0 0.746875 0.650000 0.006250 0.008333
0 0.715625 0.666667 0.006250 0.008333
0 0.701562 0.652083 0.006250 0.008333
0 0.687500 0.658333 0.006250 0.008333
0 0.642188 0.670833 0.006250 0.008333
0 0.760938 0.704167 0.006250 0.008333
0 0.765625 0.729167 0.006250 0.008333
0 0.831250 0.768750 0.012500 0.016667
0 0.821875 0.802083 0.012500 0.016667
0 0.779687 0.850000 0.012500 0.016667
0 0.748437 0.839583 0.012500 0.016667
0 0.726562 0.747917 0.006250 0.008333
0 0.698438 0.718750 0.006250 0.008333
0 0.679688 0.743750 0.006250 0.008333
0 0.648438 0.743750 0.006250 0.008333
0 0.335938 0.639583 0.006250 0.008333
0 0.353125 0.652083 0.006250 0.008333
0 0.300000 0.656250 0.006250 0.008333
0 0.306250 0.670833 0.006250 0.008333
0 0.301563 0.727083 0.006250 0.008333
0 0.357812 0.710417 0.006250 0.008333
0 0.439063 0.650000 0.006250 0.008333
0 0.425000 0.664583 0.006250 0.008333
0 0.442188 0.666667 0.006250 0.008333
0 0.443750 0.681250 0.006250 0.008333
0 0.437500 0.704167 0.006250 0.008333
0 0.429688 0.708333 0.006250 0.008333
0 0.403125 0.745833 0.006250 0.008333
0 0.432812 0.737500 0.006250 0.008333
0 0.457813 0.716667 0.006250 0.008333
0 0.448437 0.716667 0.006250 0.008333
0 0.454688 0.727083 0.006250 0.008333
0 0.371875 0.829167 0.012500 0.016667
0 0.456250 0.760417 0.012500 0.016667
0 0.484375 0.779167 0.012500 0.016667
0 0.493750 0.787500 0.012500 0.016667
0 0.490625 0.647917 0.006250 0.008333
0 0.501563 0.647917 0.006250 0.008333
0 0.496875 0.652083 0.006250 0.008333
0 0.498437 0.660417 0.006250 0.008333
0 0.504687 0.662500 0.006250 0.008333
0 0.507812 0.668750 0.006250 0.008333
0 0.521875 0.660417 0.006250 0.008333
0 0.512500 0.677083 0.006250 0.008333
0 0.512500 0.685417 0.006250 0.008333
0 0.503125 0.681250 0.006250 0.008333
0 0.492188 0.685417 0.006250 0.008333
0 0.495312 0.695833 0.006250 0.008333
0 0.476562 0.687500 0.006250 0.008333
0 0.500000 0.706250 0.006250 0.008333
0 0.495312 0.716667 0.006250 0.008333
0 0.542188 0.677083 0.006250 0.008333
0 0.568750 0.697917 0.006250 0.008333
0 0.581250 0.697917 0.006250 0.008333
0 0.587500 0.735417 0.006250 0.008333
0 0.562500 0.714583 0.006250 0.008333
0 0.557813 0.708333 0.006250 0.008333
0 0.550000 0.702083 0.006250 0.008333
0 0.540625 0.697917 0.006250 0.008333
0 0.535937 0.693750 0.006250 0.008333
0 0.532813 0.704167 0.006250 0.008333
0 0.531250 0.710417 0.006250 0.008333
0 0.529687 0.708333 0.006250 0.008333
0 0.520312 0.725000 0.006250 0.008333
0 0.539062 0.752083 0.012500 0.016667
0 0.550000 0.779167 0.012500 0.016667
0 0.571875 0.785417 0.012500 0.016667
0 0.576562 0.831250 0.012500 0.016667
0 0.539062 0.793750 0.012500 0.016667