0 0.378435 0.230261 0.0188974 0.0337876
0 0.78177 0.321725 0.0233538 0.0412827
0 0.983309 0.48697 0.0283168 0.0474655
0 0.865448 0.235565 0.0221554 0.0386534
0 0.644998 0.339786 0.022315 0.0413471
0 0.448458 0.499056 0.0250158 0.0454228
0 0.544619 0.768715 0.0305712 0.0570143
0 0.61819 0.067958 0.017627 0.0327049
0 0.647108 0.121009 0.0188681 0.0353874
0 0.545935 0.294255 0.0222885 0.0411808
0 0.55033 0.28029 0.0255885 0.041287
0 0.553938 0.277964 0.0190942 0.0372239
0 0.54867 0.290194 0.0279012 0.0482835
