0 0.781250 0.850000 0.012500 0.016667
0 0.643750 0.670833 0.006250 0.008333
0 0.609375 0.654167 0.006250 0.008333
0 0.617188 0.704167 0.006250 0.008333
0 0.612500 0.708333 0.006250 0.008333
0 0.621875 0.750000 0.012500 0.016667
0 0.614062 0.739583 0.006250 0.008333
0 0.604688 0.739583 0.006250 0.008333
0 0.600000 0.706250 0.006250 0.008333
0 0.582812 0.695833 0.006250 0.008333
0 0.578125 0.693750 0.006250 0.008333
0 0.578125 0.675000 0.006250 0.008333
0 0.543750 0.710417 0.006250 0.008333
0 0.537500 0.706250 0.006250 0.008333
0 0.534375 0.708333 0.006250 0.008333
0 0.523438 0.708333 0.006250 0.008333
0 0.528125 0.716667 0.006250 0.008333
0 0.501563 0.739583 0.006250 0.008333
0 0.548438 0.687500 0.006250 0.008333
0 0.540625 0.689583 0.006250 0.008333
0 0.537500 0.689583 0.006250 0.008333
0 0.532813 0.685417 0.006250 0.008333
0 0.523438 0.681250 0.006250 0.008333
0 0.518750 0.681250 0.006250 0.008333
0 0.521875 0.691667 0.006250 0.008333