0 0.934375 0.643750 0.006250 0.008333
0 0.981250 0.702083 0.006250 0.008333
0 0.970313 0.777083 0.012500 0.016667
0 0.959375 0.772917 0.012500 0.016667
0 0.962500 0.837500 0.012500 0.016667
0 0.985938 0.860417 0.012500 0.016667
0 0.921875 0.852083 0.012500 0.016667
0 0.817187 0.802083 0.012500 0.016667
0 0.912500 0.722917 0.006250 0.008333
0 0.892188 0.714583 0.006250 0.008333
0 0.823438 0.687500 0.006250 0.008333
0 0.793750 0.641667 0.006250 0.008333
0 0.803125 0.685417 0.006250 0.008333
0 0.743750 0.635417 0.006250 0.008333
0 0.731250 0.635417 0.006250 0.008333
0 0.746875 0.654167 0.006250 0.008333
0 0.714063 0.664583 0.006250 0.008333
0 0.715625 0.672917 0.006250 0.008333
0 0.696875 0.693750 0.006250 0.008333
0 0.701562 0.702083 0.006250 0.008333
0 0.696875 0.718750 0.006250 0.008333
0 0.726562 0.747917 0.006250 0.008333
0 0.681250 0.704167 0.006250 0.008333
0 0.654687 0.702083 0.006250 0.008333
0 0.643750 0.660417 0.006250 0.008333
0 0.642188 0.668750 0.006250 0.008333
0 0.614062 0.662500 0.006250 0.008333
0 0.609375 0.652083 0.006250 0.008333
0 0.582812 0.656250 0.006250 0.008333
0 0.560937 0.650000 0.006250 0.008333
0 0.518750 0.637500 0.006250 0.008333
0 0.450000 0.635417 0.006250 0.008333
0 0.410938 0.641667 0.006250 0.008333
0 0.307812 0.670833 0.006250 0.008333
0 0.254688 0.662500 0.006250 0.008333
0 0.100000 0.706250 0.006250 0.008333
0 0.064062 0.722917 0.006250 0.008333
0 0.309375 0.718750 0.006250 0.008333
0 0.501563 0.647917 0.006250 0.008333
0 0.496875 0.650000 0.006250 0.008333
0 0.492188 0.650000 0.006250 0.008333
0 0.473438 0.664583 0.006250 0.008333
0 0.445312 0.681250 0.006250 0.008333
0 0.440625 0.666667 0.006250 0.008333
0 0.429688 0.662500 0.006250 0.008333
0 0.423438 0.664583 0.006250 0.008333
0 0.435937 0.706250 0.006250 0.008333
0 0.403125 0.710417 0.006250 0.008333
0 0.389062 0.720833 0.006250 0.008333
0 0.378125 0.727083 0.006250 0.008333
0 0.550000 0.664583 0.006250 0.008333
0 0.540625 0.668750 0.006250 0.008333
0 0.526563 0.658333 0.006250 0.008333
0 0.506250 0.668750 0.006250 0.008333
0 0.512500 0.677083 0.006250 0.008333
0 0.510938 0.687500 0.006250 0.008333
0 0.492188 0.685417 0.006250 0.008333
0 0.476562 0.687500 0.006250 0.008333
0 0.475000 0.693750 0.006250 0.008333
0 0.471875 0.702083 0.006250 0.008333
0 0.496875 0.712500 0.006250 0.008333
0 0.534375 0.693750 0.006250 0.008333
0 0.623437 0.706250 0.006250 0.008333
0 0.614062 0.700000 0.006250 0.008333
0 0.612500 0.708333 0.006250 0.008333
0 0.609375 0.700000 0.006250 0.008333
0 0.596875 0.697917 0.006250 0.008333
0 0.564063 0.706250 0.006250 0.008333
0 0.560937 0.714583 0.006250 0.008333
0 0.545312 0.706250 0.006250 0.008333
0 0.534375 0.706250 0.006250 0.008333
0 0.529687 0.710417 0.006250 0.008333
0 0.520312 0.722917 0.006250 0.008333
0 0.656250 0.739583 0.006250 0.008333
0 0.585938 0.733333 0.006250 0.008333
0 0.539062 0.752083 0.012500 0.016667
0 0.484375 0.779167 0.012500 0.016667
0 0.459375 0.756250 0.012500 0.016667
0 0.454688 0.758333 0.012500 0.016667
0 0.634375 0.806250 0.012500 0.016667
0 0.628125 0.797917 0.012500 0.016667
0 0.631250 0.822917 0.012500 0.016667
0 0.615625 0.806250 0.012500 0.016667