0 0.781250 0.847917 0.012500 0.016667
0 0.732812 0.843750 0.012500 0.016667
0 0.731250 0.816667 0.012500 0.016667
0 0.621875 0.743750 0.006250 0.008333
0 0.612500 0.741667 0.006250 0.008333
0 0.604688 0.743750 0.006250 0.008333
0 0.618750 0.704167 0.006250 0.008333
0 0.612500 0.706250 0.006250 0.008333
0 0.600000 0.704167 0.006250 0.008333
0 0.595313 0.693750 0.006250 0.008333
0 0.587500 0.687500 0.006250 0.008333
0 0.585938 0.700000 0.006250 0.008333
0 0.579688 0.693750 0.006250 0.008333
0 0.579688 0.675000 0.006250 0.008333
0 0.564063 0.697917 0.006250 0.008333
0 0.543750 0.706250 0.006250 0.008333
0 0.537500 0.708333 0.006250 0.008333
0 0.529687 0.716667 0.006250 0.008333
0 0.526563 0.706250 0.006250 0.008333
0 0.504687 0.737500 0.006250 0.008333
0 0.531250 0.687500 0.006250 0.008333
0 0.528125 0.683333 0.006250 0.008333
0 0.542188 0.677083 0.006250 0.008333
0 0.543750 0.689583 0.006250 0.008333
0 0.535937 0.683333 0.006250 0.008333
0 0.529687 0.675000 0.006250 0.008333