0 0.423883 0.280755 0.0176922 0.0338995
0 0.433031 0.324384 0.0195067 0.0368028
0 0.257184 0.34203 0.0195484 0.0365959
0 0.84182 0.332334 0.0208926 0.037908
0 0.409927 0.181223 0.0171862 0.0307748
0 0.400772 0.542597 0.0243931 0.0449145
0 0.639705 0.314767 0.0199112 0.0362931
0 0.67448 0.218893 0.0182131 0.0336625
0 0.660028 0.104008 0.0158614 0.0310444
0 0.628773 0.709141 0.0291365 0.0530672
0 0.788272 0.182703 0.0178103 0.0320028
0 0.236491 0.318052 0.0198937 0.0337185
0 0.997149 0.441062 0.00570285 0.0397536
