0 0.831250 0.677083 0.006250 0.008333
0 0.759375 0.654167 0.006250 0.008333
0 0.745313 0.650000 0.006250 0.008333
0 0.803125 0.687500 0.006250 0.008333
0 0.817187 0.702083 0.006250 0.008333
0 0.929688 0.766667 0.012500 0.016667
0 0.965625 0.839583 0.012500 0.016667
0 0.956250 0.843750 0.012500 0.016667
0 0.918750 0.850000 0.012500 0.016667
0 0.840625 0.812500 0.012500 0.016667
0 0.831250 0.768750 0.012500 0.016667
0 0.779687 0.735417 0.006250 0.008333
0 0.778125 0.750000 0.012500 0.016667
0 0.715625 0.664583 0.006250 0.008333
0 0.701562 0.652083 0.006250 0.008333
0 0.689063 0.656250 0.006250 0.008333
0 0.634375 0.641667 0.006250 0.008333
0 0.609375 0.633333 0.006250 0.008333
0 0.585938 0.635417 0.006250 0.008333
0 0.585938 0.643750 0.006250 0.008333
0 0.584375 0.654167 0.006250 0.008333
0 0.609375 0.650000 0.006250 0.008333
0 0.615625 0.658333 0.006250 0.008333
0 0.642188 0.672917 0.006250 0.008333
0 0.562500 0.631250 0.006250 0.008333
0 0.559375 0.650000 0.006250 0.008333
0 0.567187 0.660417 0.006250 0.008333
0 0.517188 0.635417 0.006250 0.008333
0 0.493750 0.635417 0.006250 0.008333
0 0.450000 0.631250 0.006250 0.008333
0 0.409375 0.641667 0.006250 0.008333
0 0.390625 0.635417 0.006250 0.008333
0 0.351562 0.654167 0.006250 0.008333
0 0.335938 0.639583 0.006250 0.008333
0 0.306250 0.670833 0.006250 0.008333
0 0.303125 0.656250 0.006250 0.008333
0 0.101562 0.706250 0.006250 0.008333
0 0.062500 0.725000 0.006250 0.008333
0 0.439063 0.647917 0.006250 0.008333
0 0.421875 0.664583 0.006250 0.008333
0 0.442188 0.666667 0.006250 0.008333
0 0.445312 0.681250 0.006250 0.008333
0 0.376563 0.697917 0.006250 0.008333
0 0.362500 0.704167 0.006250 0.008333
0 0.359375 0.708333 0.006250 0.008333
0 0.501563 0.647917 0.006250 0.008333
0 0.496875 0.650000 0.006250 0.008333
0 0.489063 0.652083 0.006250 0.008333
0 0.498437 0.662500 0.006250 0.008333
0 0.521875 0.662500 0.006250 0.008333
0 0.506250 0.666667 0.006250 0.008333
0 0.539062 0.670833 0.006250 0.008333
0 0.542188 0.681250 0.006250 0.008333
0 0.696875 0.691667 0.006250 0.008333
0 0.698438 0.718750 0.006250 0.008333
0 0.726562 0.745833 0.006250 0.008333
0 0.643750 0.829167 0.012500 0.016667
0 0.634375 0.804167 0.012500 0.016667
0 0.628125 0.804167 0.012500 0.016667
0 0.615625 0.808333 0.012500 0.016667
0 0.573438 0.831250 0.012500 0.016667
0 0.550000 0.779167 0.012500 0.016667
0 0.657813 0.739583 0.006250 0.008333
0 0.623437 0.704167 0.006250 0.008333
0 0.614062 0.706250 0.006250 0.008333
0 0.607812 0.700000 0.006250 0.008333
0 0.603125 0.695833 0.006250 0.008333
0 0.590625 0.697917 0.006250 0.008333
0 0.581250 0.693750 0.006250 0.008333
0 0.584375 0.733333 0.006250 0.008333
0 0.560937 0.714583 0.006250 0.008333
0 0.554688 0.702083 0.006250 0.008333
0 0.550000 0.702083 0.006250 0.008333
0 0.542188 0.695833 0.006250 0.008333
0 0.534375 0.695833 0.006250 0.008333
0 0.512500 0.675000 0.006250 0.008333
0 0.512500 0.689583 0.006250 0.008333
0 0.503125 0.681250 0.006250 0.008333
0 0.493750 0.687500 0.006250 0.008333
0 0.496875 0.695833 0.006250 0.008333
0 0.478125 0.687500 0.006250 0.008333
0 0.478125 0.691667 0.006250 0.008333
0 0.475000 0.704167 0.006250 0.008333
0 0.435937 0.702083 0.006250 0.008333
0 0.426563 0.708333 0.006250 0.008333
0 0.453125 0.727083 0.006250 0.008333
0 0.534375 0.704167 0.006250 0.008333
0 0.529687 0.708333 0.006250 0.008333
0 0.520312 0.722917 0.006250 0.008333
0 0.507812 0.716667 0.006250 0.008333
0 0.496875 0.714583 0.006250 0.008333
0 0.489063 0.727083 0.006250 0.008333
0 0.556250 0.739583 0.006250 0.008333
0 0.539062 0.752083 0.012500 0.016667
0 0.492188 0.785417 0.012500 0.016667
0 0.484375 0.781250 0.012500 0.016667
0 0.454688 0.756250 0.012500 0.016667