0 0.981250 0.702083 0.006250 0.008333
0 0.934375 0.645833 0.006250 0.008333
0 0.920312 0.685417 0.006250 0.008333
0 0.912500 0.718750 0.006250 0.008333
0 0.893750 0.716667 0.006250 0.008333
0 0.968750 0.779167 0.012500 0.016667
0 0.957812 0.777083 0.012500 0.016667
0 0.962500 0.839583 0.012500 0.016667
0 0.954688 0.841667 0.012500 0.016667
0 0.920312 0.854167 0.012500 0.016667
0 0.829688 0.675000 0.006250 0.008333
0 0.790625 0.639583 0.006250 0.008333
0 0.803125 0.687500 0.006250 0.008333
0 0.815625 0.804167 0.012500 0.016667
0 0.743750 0.633333 0.006250 0.008333
0 0.734375 0.633333 0.006250 0.008333
0 0.746875 0.652083 0.006250 0.008333
0 0.700000 0.650000 0.006250 0.008333
0 0.717187 0.664583 0.006250 0.008333
0 0.714063 0.672917 0.006250 0.008333
0 0.695312 0.689583 0.006250 0.008333
0 0.700000 0.702083 0.006250 0.008333
0 0.696875 0.718750 0.006250 0.008333
0 0.725000 0.745833 0.006250 0.008333
0 0.743750 0.760417 0.012500 0.016667
0 0.635938 0.641667 0.006250 0.008333
0 0.642188 0.668750 0.006250 0.008333
0 0.654687 0.700000 0.006250 0.008333
0 0.656250 0.741667 0.006250 0.008333
0 0.634375 0.806250 0.012500 0.016667
0 0.628125 0.806250 0.012500 0.016667
0 0.632812 0.820833 0.012500 0.016667
0 0.615625 0.808333 0.012500 0.016667
0 0.623437 0.708333 0.006250 0.008333
0 0.614062 0.660417 0.006250 0.008333
0 0.607812 0.647917 0.006250 0.008333
0 0.614062 0.700000 0.006250 0.008333
0 0.612500 0.706250 0.006250 0.008333
0 0.606250 0.697917 0.006250 0.008333
0 0.596875 0.700000 0.006250 0.008333
0 0.581250 0.654167 0.006250 0.008333
0 0.585938 0.731250 0.006250 0.008333
0 0.564063 0.710417 0.006250 0.008333
0 0.559375 0.716667 0.006250 0.008333
0 0.559375 0.650000 0.006250 0.008333
0 0.550000 0.666667 0.006250 0.008333
0 0.546875 0.708333 0.006250 0.008333
0 0.539062 0.752083 0.012500 0.016667
0 0.540625 0.670833 0.006250 0.008333
0 0.535937 0.691667 0.006250 0.008333
0 0.534375 0.704167 0.006250 0.008333
0 0.529687 0.708333 0.006250 0.008333
0 0.521875 0.720833 0.006250 0.008333
0 0.526563 0.660417 0.006250 0.008333
0 0.517188 0.635417 0.006250 0.008333
0 0.503125 0.647917 0.006250 0.008333
0 0.498437 0.650000 0.006250 0.008333
0 0.492188 0.650000 0.006250 0.008333
0 0.507812 0.668750 0.006250 0.008333
0 0.514062 0.675000 0.006250 0.008333
0 0.512500 0.687500 0.006250 0.008333
0 0.509375 0.691667 0.006250 0.008333
0 0.492188 0.685417 0.006250 0.008333
0 0.475000 0.662500 0.006250 0.008333
0 0.476562 0.687500 0.006250 0.008333
0 0.476562 0.697917 0.006250 0.008333
0 0.496875 0.714583 0.006250 0.008333
0 0.484375 0.779167 0.012500 0.016667
0 0.456250 0.760417 0.012500 0.016667
0 0.451562 0.633333 0.006250 0.008333
0 0.412500 0.641667 0.006250 0.008333
0 0.446875 0.677083 0.006250 0.008333
0 0.440625 0.664583 0.006250 0.008333
0 0.431250 0.664583 0.006250 0.008333
0 0.425000 0.664583 0.006250 0.008333
0 0.437500 0.704167 0.006250 0.008333
0 0.403125 0.712500 0.006250 0.008333
0 0.392188 0.718750 0.006250 0.008333
0 0.379688 0.725000 0.006250 0.008333
0 0.343750 0.720833 0.006250 0.008333
0 0.310937 0.716667 0.006250 0.008333
0 0.353125 0.650000 0.006250 0.008333
0 0.335938 0.639583 0.006250 0.008333
0 0.304688 0.672917 0.006250 0.008333
0 0.251563 0.660417 0.006250 0.008333
0 0.100000 0.706250 0.006250 0.008333
0 0.064062 0.722917 0.006250 0.008333