0 0.984375 0.864583 0.012500 0.016667
0 0.965625 0.841667 0.012500 0.016667
0 0.920312 0.852083 0.012500 0.016667
0 0.970313 0.779167 0.012500 0.016667
0 0.959375 0.775000 0.012500 0.016667
0 0.981250 0.704167 0.006250 0.008333
0 0.934375 0.647917 0.006250 0.008333
0 0.910937 0.720833 0.006250 0.008333
0 0.893750 0.716667 0.006250 0.008333
0 0.815625 0.802083 0.012500 0.016667
0 0.820312 0.689583 0.006250 0.008333
0 0.803125 0.689583 0.006250 0.008333
0 0.793750 0.641667 0.006250 0.008333
0 0.743750 0.635417 0.006250 0.008333
0 0.732812 0.633333 0.006250 0.008333
0 0.746875 0.652083 0.006250 0.008333
0 0.714063 0.672917 0.006250 0.008333
0 0.726562 0.745833 0.006250 0.008333
0 0.696875 0.716667 0.006250 0.008333
0 0.701562 0.702083 0.006250 0.008333
0 0.695312 0.693750 0.006250 0.008333
0 0.657813 0.737500 0.006250 0.008333
0 0.632812 0.822917 0.012500 0.016667
0 0.631250 0.806250 0.012500 0.016667
0 0.628125 0.802083 0.012500 0.016667
0 0.615625 0.810417 0.012500 0.016667
0 0.654687 0.702083 0.006250 0.008333
0 0.634375 0.672917 0.006250 0.008333
0 0.643750 0.660417 0.006250 0.008333
0 0.609375 0.652083 0.006250 0.008333
0 0.610938 0.660417 0.006250 0.008333
0 0.621875 0.708333 0.006250 0.008333
0 0.617188 0.702083 0.006250 0.008333
0 0.610938 0.708333 0.006250 0.008333
0 0.596875 0.697917 0.006250 0.008333
0 0.593750 0.677083 0.006250 0.008333
0 0.581250 0.658333 0.006250 0.008333
0 0.562500 0.650000 0.006250 0.008333
0 0.551562 0.664583 0.006250 0.008333
0 0.548438 0.668750 0.006250 0.008333
0 0.539062 0.668750 0.006250 0.008333
0 0.526563 0.658333 0.006250 0.008333
0 0.518750 0.635417 0.006250 0.008333
0 0.501563 0.647917 0.006250 0.008333
0 0.496875 0.650000 0.006250 0.008333
0 0.490625 0.650000 0.006250 0.008333
0 0.506250 0.662500 0.006250 0.008333
0 0.512500 0.677083 0.006250 0.008333
0 0.510938 0.689583 0.006250 0.008333
0 0.493750 0.683333 0.006250 0.008333
0 0.585938 0.735417 0.006250 0.008333
0 0.562500 0.704167 0.006250 0.008333
0 0.560937 0.712500 0.006250 0.008333
0 0.546875 0.706250 0.006250 0.008333
0 0.532813 0.693750 0.006250 0.008333
0 0.532813 0.708333 0.006250 0.008333
0 0.531250 0.706250 0.006250 0.008333
0 0.520312 0.725000 0.006250 0.008333
0 0.540625 0.750000 0.012500 0.016667
0 0.498437 0.714583 0.006250 0.008333
0 0.476562 0.685417 0.006250 0.008333
0 0.476562 0.693750 0.006250 0.008333
0 0.475000 0.664583 0.006250 0.008333
0 0.451562 0.633333 0.006250 0.008333
0 0.440625 0.650000 0.006250 0.008333
0 0.412500 0.639583 0.006250 0.008333
0 0.440625 0.666667 0.006250 0.008333
0 0.432812 0.664583 0.006250 0.008333
0 0.423438 0.662500 0.006250 0.008333
0 0.440625 0.679167 0.006250 0.008333
0 0.437500 0.702083 0.006250 0.008333
0 0.484375 0.777083 0.012500 0.016667
0 0.456250 0.758333 0.012500 0.016667
0 0.403125 0.712500 0.006250 0.008333
0 0.389062 0.720833 0.006250 0.008333
0 0.379688 0.725000 0.006250 0.008333
0 0.345313 0.720833 0.006250 0.008333
0 0.335938 0.639583 0.006250 0.008333
0 0.306250 0.672917 0.006250 0.008333
0 0.310937 0.718750 0.006250 0.008333
0 0.306250 0.754167 0.012500 0.016667
0 0.250000 0.747917 0.006250 0.008333
0 0.235937 0.754167 0.012500 0.016667
0 0.251563 0.660417 0.006250 0.008333
0 0.101562 0.704167 0.006250 0.008333
0 0.062500 0.725000 0.006250 0.008333