0 0.934375 0.645833 0.006250 0.008333
0 0.914062 0.720833 0.006250 0.008333
0 0.893750 0.714583 0.006250 0.008333
0 0.868750 0.683333 0.006250 0.008333
0 0.825000 0.683333 0.006250 0.008333
0 0.792188 0.641667 0.006250 0.008333
0 0.804688 0.687500 0.006250 0.008333
0 0.746875 0.654167 0.006250 0.008333
0 0.745313 0.635417 0.006250 0.008333
0 0.732812 0.635417 0.006250 0.008333
0 0.715625 0.662500 0.006250 0.008333
0 0.715625 0.670833 0.006250 0.008333
0 0.695312 0.693750 0.006250 0.008333
0 0.703125 0.702083 0.006250 0.008333
0 0.696875 0.718750 0.006250 0.008333
0 0.726562 0.745833 0.006250 0.008333
0 0.814063 0.804167 0.012500 0.016667
0 0.960938 0.775000 0.012500 0.016667
0 0.968750 0.779167 0.012500 0.016667
0 0.964063 0.839583 0.012500 0.016667
0 0.985938 0.862500 0.012500 0.016667
0 0.920312 0.852083 0.012500 0.016667
0 0.657813 0.656250 0.006250 0.008333
0 0.632812 0.652083 0.006250 0.008333
0 0.642188 0.672917 0.006250 0.008333
0 0.656250 0.700000 0.006250 0.008333
0 0.656250 0.741667 0.006250 0.008333
0 0.609375 0.652083 0.006250 0.008333
0 0.615625 0.660417 0.006250 0.008333
0 0.596875 0.697917 0.006250 0.008333
0 0.607812 0.697917 0.006250 0.008333
0 0.621875 0.706250 0.006250 0.008333
0 0.617188 0.700000 0.006250 0.008333
0 0.610938 0.710417 0.006250 0.008333
0 0.620313 0.756250 0.012500 0.016667
0 0.626563 0.802083 0.012500 0.016667
0 0.634375 0.808333 0.012500 0.016667
0 0.632812 0.820833 0.012500 0.016667
0 0.615625 0.806250 0.012500 0.016667
0 0.584375 0.733333 0.006250 0.008333
0 0.582812 0.658333 0.006250 0.008333
0 0.560937 0.647917 0.006250 0.008333
0 0.553125 0.666667 0.006250 0.008333
0 0.540625 0.668750 0.006250 0.008333
0 0.525000 0.662500 0.006250 0.008333
0 0.518750 0.635417 0.006250 0.008333
0 0.564063 0.710417 0.006250 0.008333
0 0.562500 0.710417 0.006250 0.008333
0 0.546875 0.706250 0.006250 0.008333
0 0.532813 0.693750 0.006250 0.008333
0 0.535937 0.704167 0.006250 0.008333
0 0.529687 0.708333 0.006250 0.008333
0 0.540625 0.750000 0.012500 0.016667
0 0.520312 0.720833 0.006250 0.008333
0 0.501563 0.647917 0.006250 0.008333
0 0.496875 0.650000 0.006250 0.008333
0 0.490625 0.652083 0.006250 0.008333
0 0.507812 0.666667 0.006250 0.008333
0 0.510938 0.675000 0.006250 0.008333
0 0.510938 0.685417 0.006250 0.008333
0 0.493750 0.685417 0.006250 0.008333
0 0.475000 0.662500 0.006250 0.008333
0 0.476562 0.689583 0.006250 0.008333
0 0.476562 0.691667 0.006250 0.008333
0 0.498437 0.716667 0.006250 0.008333
0 0.485938 0.779167 0.012500 0.016667
0 0.456250 0.758333 0.012500 0.016667
0 0.435937 0.704167 0.006250 0.008333
0 0.453125 0.631250 0.006250 0.008333
0 0.414062 0.639583 0.006250 0.008333
0 0.440625 0.664583 0.006250 0.008333
0 0.446875 0.679167 0.006250 0.008333
0 0.434375 0.662500 0.006250 0.008333
0 0.425000 0.664583 0.006250 0.008333
0 0.351562 0.652083 0.006250 0.008333
0 0.335938 0.641667 0.006250 0.008333
0 0.253125 0.662500 0.006250 0.008333
0 0.306250 0.670833 0.006250 0.008333
0 0.404687 0.712500 0.006250 0.008333
0 0.390625 0.718750 0.006250 0.008333
0 0.381250 0.727083 0.006250 0.008333
0 0.343750 0.722917 0.006250 0.008333
0 0.310937 0.720833 0.006250 0.008333
0 0.101562 0.706250 0.006250 0.008333
0 0.062500 0.725000 0.006250 0.008333