0 0.781250 0.847917 0.012500 0.016667
0 0.731250 0.843750 0.012500 0.016667
0 0.731250 0.814583 0.012500 0.016667
0 0.618750 0.706250 0.006250 0.008333
0 0.592187 0.691667 0.006250 0.008333
0 0.595313 0.670833 0.006250 0.008333
0 0.598437 0.662500 0.006250 0.008333
0 0.590625 0.664583 0.006250 0.008333
0 0.582812 0.668750 0.006250 0.008333
0 0.585938 0.660417 0.006250 0.008333
0 0.587500 0.677083 0.006250 0.008333
0 0.593750 0.677083 0.006250 0.008333
0 0.600000 0.704167 0.006250 0.008333
0 0.614062 0.708333 0.006250 0.008333
0 0.606250 0.743750 0.006250 0.008333
0 0.612500 0.737500 0.006250 0.008333
0 0.620313 0.743750 0.006250 0.008333
0 0.545312 0.710417 0.006250 0.008333
0 0.537500 0.708333 0.006250 0.008333
0 0.532813 0.708333 0.006250 0.008333
0 0.525000 0.708333 0.006250 0.008333
0 0.529687 0.714583 0.006250 0.008333
0 0.504687 0.737500 0.006250 0.008333