0 0.934375 0.647917 0.006250 0.008333
0 0.982812 0.704167 0.006250 0.008333
0 0.971875 0.781250 0.012500 0.016667
0 0.959375 0.775000 0.012500 0.016667
0 0.965625 0.839583 0.012500 0.016667
0 0.973437 0.852083 0.012500 0.016667
0 0.921875 0.852083 0.012500 0.016667
0 0.914062 0.720833 0.006250 0.008333
0 0.893750 0.716667 0.006250 0.008333
0 0.885938 0.683333 0.006250 0.008333
0 0.829688 0.677083 0.006250 0.008333
0 0.792188 0.643750 0.006250 0.008333
0 0.804688 0.687500 0.006250 0.008333
0 0.815625 0.804167 0.012500 0.016667
0 0.743750 0.635417 0.006250 0.008333
0 0.732812 0.635417 0.006250 0.008333
0 0.746875 0.652083 0.006250 0.008333
0 0.715625 0.666667 0.006250 0.008333
0 0.715625 0.672917 0.006250 0.008333
0 0.726562 0.747917 0.006250 0.008333
0 0.678125 0.654167 0.006250 0.008333
0 0.698438 0.693750 0.006250 0.008333
0 0.701562 0.704167 0.006250 0.008333
0 0.698438 0.716667 0.006250 0.008333
0 0.629687 0.647917 0.006250 0.008333
0 0.643750 0.670833 0.006250 0.008333
0 0.653125 0.702083 0.006250 0.008333
0 0.657813 0.737500 0.006250 0.008333
0 0.659375 0.758333 0.012500 0.016667
0 0.628125 0.804167 0.012500 0.016667
0 0.634375 0.806250 0.012500 0.016667
0 0.631250 0.818750 0.012500 0.016667
0 0.615625 0.806250 0.012500 0.016667
0 0.609375 0.654167 0.006250 0.008333
0 0.615625 0.660417 0.006250 0.008333
0 0.625000 0.708333 0.006250 0.008333
0 0.615625 0.700000 0.006250 0.008333
0 0.610938 0.710417 0.006250 0.008333
0 0.607812 0.697917 0.006250 0.008333
0 0.598437 0.697917 0.006250 0.008333
0 0.585938 0.733333 0.006250 0.008333
0 0.581250 0.654167 0.006250 0.008333
0 0.562500 0.650000 0.006250 0.008333
0 0.551562 0.664583 0.006250 0.008333
0 0.540625 0.670833 0.006250 0.008333
0 0.526563 0.662500 0.006250 0.008333
0 0.518750 0.633333 0.006250 0.008333
0 0.562500 0.708333 0.006250 0.008333
0 0.560937 0.712500 0.006250 0.008333
0 0.546875 0.704167 0.006250 0.008333
0 0.535937 0.691667 0.006250 0.008333
0 0.534375 0.706250 0.006250 0.008333
0 0.528125 0.710417 0.006250 0.008333
0 0.521875 0.722917 0.006250 0.008333
0 0.539062 0.752083 0.012500 0.016667
0 0.484375 0.779167 0.012500 0.016667
0 0.454688 0.756250 0.012500 0.016667
0 0.498437 0.714583 0.006250 0.008333
0 0.510938 0.687500 0.006250 0.008333
0 0.514062 0.675000 0.006250 0.008333
0 0.507812 0.666667 0.006250 0.008333
0 0.501563 0.645833 0.006250 0.008333
0 0.496875 0.650000 0.006250 0.008333
0 0.490625 0.654167 0.006250 0.008333
0 0.492188 0.687500 0.006250 0.008333
0 0.478125 0.687500 0.006250 0.008333
0 0.476562 0.691667 0.006250 0.008333
0 0.475000 0.662500 0.006250 0.008333
0 0.453125 0.631250 0.006250 0.008333
0 0.412500 0.639583 0.006250 0.008333
0 0.445312 0.677083 0.006250 0.008333
0 0.440625 0.664583 0.006250 0.008333
0 0.434375 0.664583 0.006250 0.008333
0 0.425000 0.662500 0.006250 0.008333
0 0.437500 0.702083 0.006250 0.008333
0 0.403125 0.710417 0.006250 0.008333
0 0.390625 0.716667 0.006250 0.008333
0 0.379688 0.725000 0.006250 0.008333
0 0.345313 0.718750 0.006250 0.008333
0 0.353125 0.652083 0.006250 0.008333
0 0.335938 0.637500 0.006250 0.008333
0 0.306250 0.670833 0.006250 0.008333
0 0.310937 0.718750 0.006250 0.008333
0 0.253125 0.660417 0.006250 0.008333
0 0.101562 0.708333 0.006250 0.008333
0 0.062500 0.720833 0.006250 0.008333