0 0.781250 0.847917 0.012500 0.016667
0 0.731250 0.845833 0.012500 0.016667
0 0.731250 0.814583 0.012500 0.016667
0 0.621875 0.743750 0.006250 0.008333
0 0.612500 0.739583 0.006250 0.008333
0 0.603125 0.741667 0.006250 0.008333
0 0.620313 0.706250 0.006250 0.008333
0 0.610938 0.708333 0.006250 0.008333
0 0.601562 0.706250 0.006250 0.008333
0 0.587500 0.700000 0.006250 0.008333
0 0.575000 0.691667 0.006250 0.008333
0 0.562500 0.697917 0.006250 0.008333
0 0.543750 0.706250 0.006250 0.008333
0 0.537500 0.710417 0.006250 0.008333
0 0.528125 0.716667 0.006250 0.008333
0 0.525000 0.708333 0.006250 0.008333
0 0.504687 0.739583 0.006250 0.008333
0 0.551562 0.677083 0.006250 0.008333
0 0.562500 0.677083 0.006250 0.008333
0 0.553125 0.683333 0.006250 0.008333
0 0.556250 0.666667 0.006250 0.008333
0 0.568750 0.672917 0.006250 0.008333
0 0.556250 0.689583 0.006250 0.008333
0 0.559375 0.679167 0.006250 0.008333