0 0.973437 0.941667 0.012500 0.016667
0 0.900000 0.897917 0.012500 0.016667
0 0.964063 0.837500 0.012500 0.016667
0 0.956250 0.839583 0.012500 0.016667
0 0.945312 0.850000 0.012500 0.016667
0 0.937500 0.833333 0.012500 0.016667
0 0.928125 0.764583 0.012500 0.016667
0 0.895312 0.760417 0.012500 0.016667
0 0.921875 0.854167 0.012500 0.016667
0 0.831250 0.770833 0.012500 0.016667
0 0.829688 0.677083 0.006250 0.008333
0 0.804688 0.685417 0.006250 0.008333
0 0.759375 0.654167 0.006250 0.008333
0 0.750000 0.654167 0.006250 0.008333
0 0.762500 0.706250 0.006250 0.008333
0 0.726562 0.747917 0.006250 0.008333
0 0.698438 0.718750 0.006250 0.008333
0 0.715625 0.666667 0.006250 0.008333
0 0.703125 0.652083 0.006250 0.008333
0 0.689063 0.658333 0.006250 0.008333
0 0.679688 0.745833 0.006250 0.008333
0 0.662500 0.756250 0.012500 0.016667
0 0.640625 0.770833 0.012500 0.016667
0 0.650000 0.743750 0.006250 0.008333
0 0.650000 0.739583 0.006250 0.008333
0 0.628125 0.735417 0.006250 0.008333
0 0.642188 0.670833 0.006250 0.008333
0 0.614062 0.658333 0.006250 0.008333
0 0.609375 0.652083 0.006250 0.008333
0 0.587500 0.643750 0.006250 0.008333
0 0.582812 0.656250 0.006250 0.008333
0 0.567187 0.660417 0.006250 0.008333
0 0.559375 0.650000 0.006250 0.008333
0 0.521875 0.658333 0.006250 0.008333
0 0.543750 0.668750 0.006250 0.008333
0 0.546875 0.672917 0.006250 0.008333
0 0.551562 0.681250 0.006250 0.008333
0 0.601562 0.679167 0.006250 0.008333
0 0.623437 0.704167 0.006250 0.008333
0 0.610938 0.708333 0.006250 0.008333
0 0.607812 0.700000 0.006250 0.008333
0 0.603125 0.693750 0.006250 0.008333
0 0.596875 0.697917 0.006250 0.008333
0 0.590625 0.691667 0.006250 0.008333
0 0.582812 0.695833 0.006250 0.008333
0 0.579688 0.693750 0.006250 0.008333
0 0.590625 0.733333 0.006250 0.008333
0 0.570312 0.731250 0.006250 0.008333
0 0.560937 0.716667 0.006250 0.008333
0 0.559375 0.708333 0.006250 0.008333
0 0.550000 0.702083 0.006250 0.008333
0 0.543750 0.697917 0.006250 0.008333
0 0.534375 0.693750 0.006250 0.008333
0 0.539062 0.708333 0.006250 0.008333
0 0.537500 0.710417 0.006250 0.008333
0 0.542188 0.741667 0.006250 0.008333
0 0.539062 0.752083 0.012500 0.016667
0 0.520312 0.725000 0.006250 0.008333
0 0.517188 0.683333 0.006250 0.008333
0 0.512500 0.687500 0.006250 0.008333
0 0.509375 0.691667 0.006250 0.008333
0 0.501563 0.645833 0.006250 0.008333
0 0.496875 0.650000 0.006250 0.008333
0 0.492188 0.650000 0.006250 0.008333
0 0.496875 0.660417 0.006250 0.008333
0 0.493750 0.683333 0.006250 0.008333
0 0.495312 0.697917 0.006250 0.008333
0 0.504687 0.704167 0.006250 0.008333
0 0.496875 0.714583 0.006250 0.008333
0 0.479687 0.685417 0.006250 0.008333
0 0.481250 0.718750 0.006250 0.008333
0 0.781250 0.850000 0.012500 0.016667
0 0.501563 0.768750 0.012500 0.016667
0 0.482812 0.775000 0.012500 0.016667
0 0.462500 0.785417 0.012500 0.016667
0 0.456250 0.756250 0.012500 0.016667
0 0.453125 0.722917 0.006250 0.008333
0 0.445312 0.679167 0.006250 0.008333
0 0.440625 0.666667 0.006250 0.008333
0 0.440625 0.652083 0.006250 0.008333
0 0.425000 0.660417 0.006250 0.008333
0 0.417187 0.681250 0.006250 0.008333
0 0.378125 0.679167 0.006250 0.008333
0 0.435937 0.702083 0.006250 0.008333
0 0.426563 0.708333 0.006250 0.008333
0 0.429688 0.741667 0.006250 0.008333
0 0.276562 0.910417 0.012500 0.016667