0 0.064062 0.725000 0.006250 0.008333
0 0.131250 0.708333 0.006250 0.008333
0 0.300000 0.654167 0.006250 0.008333
0 0.307812 0.672917 0.006250 0.008333
0 0.337500 0.639583 0.006250 0.008333
0 0.351562 0.654167 0.006250 0.008333
0 0.390625 0.633333 0.006250 0.008333
0 0.410938 0.641667 0.006250 0.008333
0 0.453125 0.633333 0.006250 0.008333
0 0.439063 0.650000 0.006250 0.008333
0 0.423438 0.664583 0.006250 0.008333
0 0.376563 0.697917 0.006250 0.008333
0 0.359375 0.706250 0.006250 0.008333
0 0.368750 0.785417 0.012500 0.016667
0 0.440625 0.666667 0.006250 0.008333
0 0.445312 0.681250 0.006250 0.008333
0 0.437500 0.700000 0.006250 0.008333
0 0.426563 0.704167 0.006250 0.008333
0 0.454688 0.725000 0.006250 0.008333
0 0.435937 0.737500 0.006250 0.008333
0 0.453125 0.756250 0.012500 0.016667
0 0.484375 0.781250 0.012500 0.016667
0 0.495312 0.785417 0.012500 0.016667
0 0.571875 0.831250 0.012500 0.016667
0 0.617188 0.806250 0.012500 0.016667
0 0.628125 0.802083 0.012500 0.016667
0 0.631250 0.808333 0.012500 0.016667
0 0.642188 0.825000 0.012500 0.016667
0 0.801562 0.835417 0.012500 0.016667
0 0.831250 0.768750 0.012500 0.016667
0 0.862500 0.729167 0.006250 0.008333
0 0.926562 0.766667 0.012500 0.016667
0 0.965625 0.839583 0.012500 0.016667
0 0.957812 0.839583 0.012500 0.016667
0 0.920312 0.852083 0.012500 0.016667
0 0.900000 0.843750 0.012500 0.016667
0 0.857812 0.847917 0.012500 0.016667
0 0.829688 0.679167 0.006250 0.008333
0 0.801562 0.687500 0.006250 0.008333
0 0.757812 0.654167 0.006250 0.008333
0 0.746875 0.650000 0.006250 0.008333
0 0.715625 0.666667 0.006250 0.008333
0 0.701562 0.652083 0.006250 0.008333
0 0.687500 0.660417 0.006250 0.008333
0 0.695312 0.691667 0.006250 0.008333
0 0.696875 0.716667 0.006250 0.008333
0 0.726562 0.747917 0.006250 0.008333
0 0.656250 0.737500 0.006250 0.008333
0 0.634375 0.643750 0.006250 0.008333
0 0.642188 0.670833 0.006250 0.008333
0 0.614062 0.660417 0.006250 0.008333
0 0.609375 0.654167 0.006250 0.008333
0 0.589063 0.645833 0.006250 0.008333
0 0.584375 0.656250 0.006250 0.008333
0 0.578125 0.677083 0.006250 0.008333
0 0.559375 0.650000 0.006250 0.008333
0 0.567187 0.660417 0.006250 0.008333
0 0.518750 0.635417 0.006250 0.008333
0 0.495312 0.635417 0.006250 0.008333
0 0.501563 0.647917 0.006250 0.008333
0 0.495312 0.652083 0.006250 0.008333
0 0.490625 0.654167 0.006250 0.008333
0 0.496875 0.658333 0.006250 0.008333
0 0.520312 0.662500 0.006250 0.008333
0 0.509375 0.664583 0.006250 0.008333
0 0.510938 0.677083 0.006250 0.008333
0 0.510938 0.685417 0.006250 0.008333
0 0.501563 0.683333 0.006250 0.008333
0 0.493750 0.685417 0.006250 0.008333
0 0.496875 0.695833 0.006250 0.008333
0 0.498437 0.716667 0.006250 0.008333
0 0.476562 0.687500 0.006250 0.008333
0 0.479687 0.693750 0.006250 0.008333
0 0.478125 0.700000 0.006250 0.008333
0 0.540625 0.670833 0.006250 0.008333
0 0.543750 0.679167 0.006250 0.008333
0 0.623437 0.708333 0.006250 0.008333
0 0.610938 0.708333 0.006250 0.008333
0 0.609375 0.697917 0.006250 0.008333
0 0.604688 0.693750 0.006250 0.008333
0 0.590625 0.695833 0.006250 0.008333
0 0.582812 0.697917 0.006250 0.008333
0 0.560937 0.714583 0.006250 0.008333
0 0.554688 0.702083 0.006250 0.008333
0 0.550000 0.702083 0.006250 0.008333
0 0.542188 0.697917 0.006250 0.008333
0 0.534375 0.693750 0.006250 0.008333
0 0.535937 0.706250 0.006250 0.008333
0 0.532813 0.710417 0.006250 0.008333
0 0.521875 0.720833 0.006250 0.008333
0 0.518750 0.731250 0.006250 0.008333
0 0.585938 0.735417 0.006250 0.008333
0 0.557813 0.741667 0.006250 0.008333
0 0.540625 0.754167 0.012500 0.016667
0 0.548438 0.779167 0.012500 0.016667