0 0.781250 0.850000 0.012500 0.016667
0 0.732812 0.841667 0.012500 0.016667
0 0.731250 0.816667 0.012500 0.016667
0 0.621875 0.745833 0.006250 0.008333
0 0.612500 0.741667 0.006250 0.008333
0 0.603125 0.743750 0.006250 0.008333
0 0.618750 0.706250 0.006250 0.008333
0 0.612500 0.708333 0.006250 0.008333
0 0.600000 0.708333 0.006250 0.008333
0 0.584375 0.697917 0.006250 0.008333
0 0.578125 0.697917 0.006250 0.008333
0 0.578125 0.675000 0.006250 0.008333
0 0.609375 0.652083 0.006250 0.008333
0 0.615625 0.591667 0.006250 0.008333
0 0.634375 0.593750 0.006250 0.008333
0 0.503125 0.741667 0.006250 0.008333
0 0.529687 0.712500 0.006250 0.008333
0 0.521875 0.710417 0.006250 0.008333
0 0.543750 0.710417 0.006250 0.008333
0 0.539062 0.710417 0.006250 0.008333
0 0.562500 0.695833 0.006250 0.008333
0 0.551562 0.664583 0.006250 0.008333
0 0.539062 0.675000 0.006250 0.008333
0 0.543750 0.685417 0.006250 0.008333
0 0.556250 0.685417 0.006250 0.008333
0 0.546875 0.675000 0.006250 0.008333