0 0.357812 0.706250 0.006250 0.008333
0 0.360938 0.693750 0.006250 0.008333
0 0.368750 0.687500 0.006250 0.008333
0 0.382812 0.702083 0.006250 0.008333
0 0.373437 0.695833 0.006250 0.008333
0 0.378125 0.693750 0.006250 0.008333
0 0.368750 0.702083 0.006250 0.008333
0 0.376563 0.702083 0.006250 0.008333
0 0.459375 0.712500 0.006250 0.008333
0 0.467187 0.710417 0.006250 0.008333
0 0.781250 0.852083 0.012500 0.016667
0 0.731250 0.843750 0.012500 0.016667
0 0.731250 0.814583 0.012500 0.016667
0 0.698438 0.718750 0.006250 0.008333
0 0.621875 0.743750 0.006250 0.008333
0 0.614062 0.739583 0.006250 0.008333
0 0.604688 0.739583 0.006250 0.008333
0 0.620313 0.704167 0.006250 0.008333
0 0.612500 0.706250 0.006250 0.008333
0 0.629687 0.695833 0.006250 0.008333
0 0.629687 0.685417 0.006250 0.008333
0 0.643750 0.670833 0.006250 0.008333
0 0.657813 0.681250 0.006250 0.008333
0 0.609375 0.652083 0.006250 0.008333
0 0.600000 0.704167 0.006250 0.008333
0 0.585938 0.695833 0.006250 0.008333
0 0.578125 0.693750 0.006250 0.008333
0 0.578125 0.670833 0.006250 0.008333
0 0.504687 0.739583 0.006250 0.008333
0 0.529687 0.710417 0.006250 0.008333
0 0.534375 0.714583 0.006250 0.008333
0 0.540625 0.706250 0.006250 0.008333
0 0.545312 0.689583 0.006250 0.008333
0 0.542188 0.689583 0.006250 0.008333
0 0.534375 0.693750 0.006250 0.008333
0 0.521875 0.693750 0.006250 0.008333
0 0.515625 0.693750 0.006250 0.008333