0 0.984375 0.772917 0.012500 0.016667
0 0.950000 0.762500 0.012500 0.016667
0 0.945312 0.762500 0.012500 0.016667
0 0.965625 0.837500 0.012500 0.016667
0 0.956250 0.841667 0.012500 0.016667
0 0.940625 0.831250 0.012500 0.016667
0 0.946875 0.850000 0.012500 0.016667
0 0.921875 0.854167 0.012500 0.016667
0 0.903125 0.893750 0.012500 0.016667
0 0.829688 0.770833 0.012500 0.016667
0 0.831250 0.677083 0.006250 0.008333
0 0.804688 0.687500 0.006250 0.008333
0 0.757812 0.654167 0.006250 0.008333
0 0.748437 0.654167 0.006250 0.008333
0 0.760938 0.704167 0.006250 0.008333
0 0.714063 0.666667 0.006250 0.008333
0 0.703125 0.647917 0.006250 0.008333
0 0.689063 0.658333 0.006250 0.008333
0 0.737500 0.741667 0.006250 0.008333
0 0.726562 0.747917 0.006250 0.008333
0 0.698438 0.716667 0.006250 0.008333
0 0.782813 0.847917 0.012500 0.016667
0 0.728125 0.841667 0.012500 0.016667
0 0.709375 0.814583 0.012500 0.016667
0 0.679688 0.743750 0.006250 0.008333
0 0.681250 0.756250 0.012500 0.016667
0 0.675000 0.754167 0.012500 0.016667
0 0.668750 0.764583 0.012500 0.016667
0 0.650000 0.745833 0.006250 0.008333
0 0.653125 0.768750 0.012500 0.016667
0 0.640625 0.768750 0.012500 0.016667
0 0.656250 0.681250 0.006250 0.008333
0 0.642188 0.672917 0.006250 0.008333
0 0.614062 0.660417 0.006250 0.008333
0 0.609375 0.654167 0.006250 0.008333
0 0.589063 0.643750 0.006250 0.008333
0 0.582812 0.656250 0.006250 0.008333
0 0.559375 0.647917 0.006250 0.008333
0 0.629687 0.689583 0.006250 0.008333
0 0.628125 0.700000 0.006250 0.008333
0 0.623437 0.706250 0.006250 0.008333
0 0.617188 0.706250 0.006250 0.008333
0 0.612500 0.708333 0.006250 0.008333
0 0.610938 0.702083 0.006250 0.008333
0 0.628125 0.735417 0.006250 0.008333
0 0.621875 0.727083 0.006250 0.008333
0 0.612500 0.739583 0.006250 0.008333
0 0.601562 0.737500 0.006250 0.008333
0 0.601562 0.754167 0.012500 0.016667
0 0.596875 0.689583 0.006250 0.008333
0 0.581250 0.697917 0.006250 0.008333
0 0.578125 0.691667 0.006250 0.008333
0 0.578125 0.714583 0.006250 0.008333
0 0.568750 0.737500 0.006250 0.008333
0 0.562500 0.714583 0.006250 0.008333
0 0.554688 0.677083 0.006250 0.008333
0 0.550000 0.702083 0.006250 0.008333
0 0.542188 0.697917 0.006250 0.008333
0 0.532813 0.693750 0.006250 0.008333
0 0.531250 0.710417 0.006250 0.008333
0 0.512500 0.672917 0.006250 0.008333
0 0.501563 0.645833 0.006250 0.008333
0 0.498437 0.650000 0.006250 0.008333
0 0.492188 0.650000 0.006250 0.008333
0 0.509375 0.691667 0.006250 0.008333
0 0.512500 0.718750 0.006250 0.008333
0 0.503125 0.708333 0.006250 0.008333
0 0.498437 0.712500 0.006250 0.008333
0 0.501563 0.689583 0.006250 0.008333
0 0.496875 0.697917 0.006250 0.008333
0 0.492188 0.685417 0.006250 0.008333
0 0.439063 0.647917 0.006250 0.008333
0 0.445312 0.677083 0.006250 0.008333
0 0.457813 0.710417 0.006250 0.008333
0 0.498437 0.745833 0.006250 0.008333
0 0.520312 0.781250 0.012500 0.016667
0 0.504687 0.783333 0.012500 0.016667
0 0.493750 0.772917 0.012500 0.016667
0 0.484375 0.775000 0.012500 0.016667
0 0.476562 0.770833 0.012500 0.016667
0 0.468750 0.745833 0.006250 0.008333
0 0.456250 0.760417 0.012500 0.016667
0 0.429688 0.737500 0.006250 0.008333
0 0.376563 0.633333 0.006250 0.008333
0 0.367188 0.702083 0.006250 0.008333
0 0.359375 0.708333 0.006250 0.008333
0 0.306250 0.672917 0.006250 0.008333
0 0.267188 0.752083 0.012500 0.016667
0 0.184375 0.706250 0.006250 0.008333