0 0.932813 0.645833 0.006250 0.008333
0 0.981250 0.704167 0.006250 0.008333
0 0.970313 0.783333 0.012500 0.016667
0 0.959375 0.775000 0.012500 0.016667
0 0.985938 0.860417 0.012500 0.016667
0 0.964063 0.841667 0.012500 0.016667
0 0.920312 0.852083 0.012500 0.016667
0 0.815625 0.802083 0.012500 0.016667
0 0.914062 0.720833 0.006250 0.008333
0 0.893750 0.716667 0.006250 0.008333
0 0.821875 0.689583 0.006250 0.008333
0 0.792188 0.643750 0.006250 0.008333
0 0.803125 0.687500 0.006250 0.008333
0 0.746875 0.654167 0.006250 0.008333
0 0.743750 0.635417 0.006250 0.008333
0 0.731250 0.635417 0.006250 0.008333
0 0.714063 0.672917 0.006250 0.008333
0 0.723437 0.747917 0.006250 0.008333
0 0.695312 0.716667 0.006250 0.008333
0 0.703125 0.704167 0.006250 0.008333
0 0.696875 0.693750 0.006250 0.008333
0 0.656250 0.700000 0.006250 0.008333
0 0.643750 0.660417 0.006250 0.008333
0 0.657813 0.739583 0.006250 0.008333
0 0.635938 0.808333 0.012500 0.016667
0 0.628125 0.806250 0.012500 0.016667
0 0.629687 0.820833 0.012500 0.016667
0 0.615625 0.810417 0.012500 0.016667
0 0.367188 0.943750 0.012500 0.016667
0 0.623437 0.708333 0.006250 0.008333
0 0.617188 0.702083 0.006250 0.008333
0 0.612500 0.710417 0.006250 0.008333
0 0.610938 0.660417 0.006250 0.008333
0 0.609375 0.654167 0.006250 0.008333
0 0.581250 0.660417 0.006250 0.008333
0 0.598437 0.697917 0.006250 0.008333
0 0.559375 0.647917 0.006250 0.008333
0 0.553125 0.666667 0.006250 0.008333
0 0.540625 0.668750 0.006250 0.008333
0 0.528125 0.660417 0.006250 0.008333
0 0.518750 0.635417 0.006250 0.008333
0 0.501563 0.647917 0.006250 0.008333
0 0.498437 0.647917 0.006250 0.008333
0 0.490625 0.647917 0.006250 0.008333
0 0.507812 0.666667 0.006250 0.008333
0 0.512500 0.687500 0.006250 0.008333
0 0.512500 0.700000 0.006250 0.008333
0 0.564063 0.708333 0.006250 0.008333
0 0.560937 0.712500 0.006250 0.008333
0 0.546875 0.706250 0.006250 0.008333
0 0.532813 0.706250 0.006250 0.008333
0 0.528125 0.700000 0.006250 0.008333
0 0.528125 0.710417 0.006250 0.008333
0 0.534375 0.735417 0.006250 0.008333
0 0.539062 0.754167 0.012500 0.016667
0 0.521875 0.725000 0.006250 0.008333
0 0.495312 0.718750 0.006250 0.008333
0 0.493750 0.685417 0.006250 0.008333
0 0.487500 0.675000 0.006250 0.008333
0 0.475000 0.664583 0.006250 0.008333
0 0.476562 0.687500 0.006250 0.008333
0 0.476562 0.693750 0.006250 0.008333
0 0.487500 0.779167 0.012500 0.016667
0 0.453125 0.758333 0.012500 0.016667
0 0.403125 0.710417 0.006250 0.008333
0 0.390625 0.681250 0.006250 0.008333
0 0.389062 0.720833 0.006250 0.008333
0 0.379688 0.725000 0.006250 0.008333
0 0.378125 0.679167 0.006250 0.008333
0 0.371875 0.679167 0.006250 0.008333
0 0.359375 0.679167 0.006250 0.008333
0 0.351562 0.650000 0.006250 0.008333
0 0.337500 0.641667 0.006250 0.008333
0 0.304688 0.670833 0.006250 0.008333
0 0.343750 0.718750 0.006250 0.008333
0 0.310937 0.718750 0.006250 0.008333
0 0.307812 0.754167 0.012500 0.016667
0 0.248438 0.747917 0.006250 0.008333
0 0.237500 0.754167 0.012500 0.016667
0 0.251563 0.662500 0.006250 0.008333
0 0.101562 0.704167 0.006250 0.008333
0 0.064062 0.722917 0.006250 0.008333