0 0.984375 0.702083 0.006250 0.008333
0 0.934375 0.645833 0.006250 0.008333
0 0.921875 0.685417 0.006250 0.008333
0 0.914062 0.718750 0.006250 0.008333
0 0.895312 0.716667 0.006250 0.008333
0 0.937500 0.766667 0.012500 0.016667
0 0.929688 0.758333 0.012500 0.016667
0 0.965625 0.839583 0.012500 0.016667
0 0.956250 0.843750 0.012500 0.016667
0 0.920312 0.852083 0.012500 0.016667
0 0.878125 0.766667 0.012500 0.016667
0 0.829688 0.677083 0.006250 0.008333
0 0.793750 0.641667 0.006250 0.008333
0 0.804688 0.685417 0.006250 0.008333
0 0.815625 0.800000 0.012500 0.016667
0 0.754687 0.760417 0.012500 0.016667
0 0.726562 0.745833 0.006250 0.008333
0 0.746875 0.652083 0.006250 0.008333
0 0.743750 0.633333 0.006250 0.008333
0 0.731250 0.633333 0.006250 0.008333
0 0.703125 0.650000 0.006250 0.008333
0 0.714063 0.666667 0.006250 0.008333
0 0.715625 0.668750 0.006250 0.008333
0 0.696875 0.693750 0.006250 0.008333
0 0.703125 0.704167 0.006250 0.008333
0 0.698438 0.714583 0.006250 0.008333
0 0.653125 0.702083 0.006250 0.008333
0 0.657813 0.739583 0.006250 0.008333
0 0.643750 0.670833 0.006250 0.008333
0 0.637500 0.637500 0.006250 0.008333
0 0.609375 0.652083 0.006250 0.008333
0 0.612500 0.656250 0.006250 0.008333
0 0.621875 0.706250 0.006250 0.008333
0 0.614062 0.700000 0.006250 0.008333
0 0.609375 0.708333 0.006250 0.008333
0 0.606250 0.700000 0.006250 0.008333
0 0.596875 0.695833 0.006250 0.008333
0 0.581250 0.654167 0.006250 0.008333
0 0.559375 0.647917 0.006250 0.008333
0 0.550000 0.666667 0.006250 0.008333
0 0.540625 0.670833 0.006250 0.008333
0 0.525000 0.660417 0.006250 0.008333
0 0.518750 0.633333 0.006250 0.008333
0 0.503125 0.647917 0.006250 0.008333
0 0.496875 0.650000 0.006250 0.008333
0 0.492188 0.650000 0.006250 0.008333
0 0.453125 0.633333 0.006250 0.008333
0 0.409375 0.639583 0.006250 0.008333
0 0.351562 0.652083 0.006250 0.008333
0 0.335938 0.639583 0.006250 0.008333
0 0.304688 0.670833 0.006250 0.008333
0 0.253125 0.660417 0.006250 0.008333
0 0.098437 0.704167 0.006250 0.008333
0 0.062500 0.722917 0.006250 0.008333
0 0.473438 0.660417 0.006250 0.008333
0 0.440625 0.666667 0.006250 0.008333
0 0.445312 0.677083 0.006250 0.008333
0 0.432812 0.664583 0.006250 0.008333
0 0.421875 0.660417 0.006250 0.008333
0 0.507812 0.666667 0.006250 0.008333
0 0.514062 0.675000 0.006250 0.008333
0 0.512500 0.683333 0.006250 0.008333
0 0.510938 0.689583 0.006250 0.008333
0 0.492188 0.685417 0.006250 0.008333
0 0.476562 0.683333 0.006250 0.008333
0 0.476562 0.693750 0.006250 0.008333
0 0.435937 0.704167 0.006250 0.008333
0 0.403125 0.712500 0.006250 0.008333
0 0.390625 0.720833 0.006250 0.008333
0 0.378125 0.727083 0.006250 0.008333
0 0.345313 0.716667 0.006250 0.008333
0 0.310937 0.718750 0.006250 0.008333
0 0.562500 0.706250 0.006250 0.008333
0 0.559375 0.716667 0.006250 0.008333
0 0.585938 0.735417 0.006250 0.008333
0 0.545312 0.706250 0.006250 0.008333
0 0.535937 0.693750 0.006250 0.008333
0 0.534375 0.704167 0.006250 0.008333
0 0.531250 0.706250 0.006250 0.008333
0 0.520312 0.725000 0.006250 0.008333
0 0.540625 0.752083 0.012500 0.016667
0 0.495312 0.714583 0.006250 0.008333
0 0.456250 0.758333 0.012500 0.016667
0 0.485938 0.779167 0.012500 0.016667
0 0.632812 0.806250 0.012500 0.016667
0 0.626563 0.800000 0.012500 0.016667
0 0.631250 0.820833 0.012500 0.016667
0 0.617188 0.806250 0.012500 0.016667