0 0.981250 0.704167 0.006250 0.008333
0 0.932813 0.643750 0.006250 0.008333
0 0.920312 0.683333 0.006250 0.008333
0 0.925000 0.768750 0.012500 0.016667
0 0.962500 0.837500 0.012500 0.016667
0 0.956250 0.843750 0.012500 0.016667
0 0.920312 0.852083 0.012500 0.016667
0 0.832812 0.768750 0.012500 0.016667
0 0.815625 0.804167 0.012500 0.016667
0 0.829688 0.679167 0.006250 0.008333
0 0.801562 0.685417 0.006250 0.008333
0 0.792188 0.643750 0.006250 0.008333
0 0.743750 0.635417 0.006250 0.008333
0 0.731250 0.637500 0.006250 0.008333
0 0.746875 0.652083 0.006250 0.008333
0 0.703125 0.650000 0.006250 0.008333
0 0.712500 0.664583 0.006250 0.008333
0 0.715625 0.670833 0.006250 0.008333
0 0.698438 0.691667 0.006250 0.008333
0 0.700000 0.716667 0.006250 0.008333
0 0.726562 0.745833 0.006250 0.008333
0 0.656250 0.739583 0.006250 0.008333
0 0.632812 0.820833 0.012500 0.016667
0 0.634375 0.808333 0.012500 0.016667
0 0.628125 0.802083 0.012500 0.016667
0 0.615625 0.808333 0.012500 0.016667
0 0.642188 0.672917 0.006250 0.008333
0 0.637500 0.639583 0.006250 0.008333
0 0.612500 0.658333 0.006250 0.008333
0 0.607812 0.650000 0.006250 0.008333
0 0.625000 0.706250 0.006250 0.008333
0 0.615625 0.695833 0.006250 0.008333
0 0.612500 0.706250 0.006250 0.008333
0 0.607812 0.700000 0.006250 0.008333
0 0.584375 0.731250 0.006250 0.008333
0 0.582812 0.658333 0.006250 0.008333
0 0.567187 0.662500 0.006250 0.008333
0 0.560937 0.652083 0.006250 0.008333
0 0.518750 0.635417 0.006250 0.008333
0 0.453125 0.635417 0.006250 0.008333
0 0.414062 0.641667 0.006250 0.008333
0 0.354687 0.654167 0.006250 0.008333
0 0.335938 0.637500 0.006250 0.008333
0 0.304688 0.670833 0.006250 0.008333
0 0.253125 0.662500 0.006250 0.008333
0 0.100000 0.706250 0.006250 0.008333
0 0.062500 0.722917 0.006250 0.008333
0 0.562500 0.714583 0.006250 0.008333
0 0.553125 0.702083 0.006250 0.008333
0 0.545312 0.695833 0.006250 0.008333
0 0.543750 0.681250 0.006250 0.008333
0 0.540625 0.670833 0.006250 0.008333
0 0.531250 0.656250 0.006250 0.008333
0 0.521875 0.660417 0.006250 0.008333
0 0.501563 0.647917 0.006250 0.008333
0 0.498437 0.654167 0.006250 0.008333
0 0.489063 0.650000 0.006250 0.008333
0 0.506250 0.664583 0.006250 0.008333
0 0.512500 0.672917 0.006250 0.008333
0 0.510938 0.683333 0.006250 0.008333
0 0.534375 0.695833 0.006250 0.008333
0 0.534375 0.708333 0.006250 0.008333
0 0.531250 0.708333 0.006250 0.008333
0 0.521875 0.720833 0.006250 0.008333
0 0.512500 0.720833 0.006250 0.008333
0 0.539062 0.754167 0.012500 0.016667
0 0.550000 0.781250 0.012500 0.016667
0 0.484375 0.779167 0.012500 0.016667
0 0.500000 0.716667 0.006250 0.008333
0 0.498437 0.702083 0.006250 0.008333
0 0.493750 0.687500 0.006250 0.008333
0 0.482812 0.679167 0.006250 0.008333
0 0.475000 0.664583 0.006250 0.008333
0 0.476562 0.687500 0.006250 0.008333
0 0.476562 0.695833 0.006250 0.008333
0 0.476562 0.702083 0.006250 0.008333
0 0.445312 0.679167 0.006250 0.008333
0 0.440625 0.666667 0.006250 0.008333
0 0.431250 0.662500 0.006250 0.008333
0 0.423438 0.664583 0.006250 0.008333
0 0.435937 0.702083 0.006250 0.008333
0 0.456250 0.756250 0.012500 0.016667
0 0.403125 0.714583 0.006250 0.008333
0 0.389062 0.716667 0.006250 0.008333
0 0.387500 0.722917 0.006250 0.008333
0 0.378125 0.725000 0.006250 0.008333
0 0.345313 0.720833 0.006250 0.008333
0 0.309375 0.718750 0.006250 0.008333