0 0.328125 0.672917 0.006250 0.008333
0 0.325000 0.685417 0.006250 0.008333
0 0.331250 0.677083 0.006250 0.008333
0 0.335938 0.681250 0.006250 0.008333
0 0.331250 0.687500 0.006250 0.008333
0 0.354687 0.702083 0.006250 0.008333
0 0.357812 0.710417 0.006250 0.008333
0 0.362500 0.702083 0.006250 0.008333
0 0.370312 0.702083 0.006250 0.008333
0 0.375000 0.704167 0.006250 0.008333
0 0.457813 0.710417 0.006250 0.008333
0 0.468750 0.710417 0.006250 0.008333
0 0.504687 0.737500 0.006250 0.008333
0 0.517188 0.693750 0.006250 0.008333
0 0.523438 0.693750 0.006250 0.008333
0 0.534375 0.693750 0.006250 0.008333
0 0.535937 0.685417 0.006250 0.008333
0 0.542188 0.693750 0.006250 0.008333
0 0.546875 0.687500 0.006250 0.008333
0 0.531250 0.710417 0.006250 0.008333
0 0.535937 0.714583 0.006250 0.008333
0 0.539062 0.706250 0.006250 0.008333
0 0.579688 0.693750 0.006250 0.008333
0 0.584375 0.695833 0.006250 0.008333
0 0.579688 0.672917 0.006250 0.008333
0 0.609375 0.652083 0.006250 0.008333
0 0.642188 0.670833 0.006250 0.008333
0 0.657813 0.681250 0.006250 0.008333
0 0.631250 0.687500 0.006250 0.008333
0 0.628125 0.695833 0.006250 0.008333
0 0.620313 0.706250 0.006250 0.008333
0 0.612500 0.706250 0.006250 0.008333
0 0.600000 0.704167 0.006250 0.008333
0 0.606250 0.739583 0.006250 0.008333
0 0.614062 0.739583 0.006250 0.008333
0 0.621875 0.743750 0.006250 0.008333
0 0.698438 0.718750 0.006250 0.008333
0 0.731250 0.818750 0.012500 0.016667
0 0.732812 0.843750 0.012500 0.016667
0 0.779687 0.847917 0.012500 0.016667