0 0.247951 0.301009 0.0181666 0.0300077
0 0.257986 0.685828 0.0263352 0.0454151
0 0.521851 0.445864 0.0207073 0.0371717
0 0.969703 0.654424 0.0297899 0.0510844
0 0.668311 0.633889 0.0259314 0.0469601
0 0.568092 0.293171 0.0185904 0.0342014
0 0.720048 0.771009 0.0304733 0.0560906
0 0.864368 0.329726 0.0199323 0.0350077
0 0.640268 0.548266 0.0239716 0.0423838
0 0.397857 0.252281 0.0171458 0.0312265
0 0.607665 0.193145 0.0164271 0.0304256
0 0.7789 0.354895 0.020236 0.0358053
0 0.39567 0.0344767 0.0116284 0.0233533
