0 0.934375 0.647917 0.006250 0.008333
0 0.981250 0.702083 0.006250 0.008333
0 0.959375 0.775000 0.012500 0.016667
0 0.971875 0.779167 0.012500 0.016667
0 0.962500 0.835417 0.012500 0.016667
0 0.985938 0.862500 0.012500 0.016667
0 0.920312 0.850000 0.012500 0.016667
0 0.915625 0.718750 0.006250 0.008333
0 0.893750 0.716667 0.006250 0.008333
0 0.815625 0.802083 0.012500 0.016667
0 0.821875 0.689583 0.006250 0.008333
0 0.792188 0.639583 0.006250 0.008333
0 0.803125 0.683333 0.006250 0.008333
0 0.734375 0.635417 0.006250 0.008333
0 0.742188 0.635417 0.006250 0.008333
0 0.748437 0.654167 0.006250 0.008333
0 0.753125 0.695833 0.006250 0.008333
0 0.715625 0.664583 0.006250 0.008333
0 0.715625 0.675000 0.006250 0.008333
0 0.698438 0.693750 0.006250 0.008333
0 0.703125 0.704167 0.006250 0.008333
0 0.696875 0.718750 0.006250 0.008333
0 0.726562 0.747917 0.006250 0.008333
0 0.656250 0.737500 0.006250 0.008333
0 0.654687 0.700000 0.006250 0.008333
0 0.642188 0.668750 0.006250 0.008333
0 0.643750 0.656250 0.006250 0.008333
0 0.609375 0.650000 0.006250 0.008333
0 0.614062 0.660417 0.006250 0.008333
0 0.621875 0.708333 0.006250 0.008333
0 0.615625 0.700000 0.006250 0.008333
0 0.612500 0.706250 0.006250 0.008333
0 0.606250 0.695833 0.006250 0.008333
0 0.598437 0.697917 0.006250 0.008333
0 0.585938 0.733333 0.006250 0.008333
0 0.632812 0.808333 0.012500 0.016667
0 0.626563 0.800000 0.012500 0.016667
0 0.632812 0.820833 0.012500 0.016667
0 0.615625 0.806250 0.012500 0.016667
0 0.539062 0.752083 0.012500 0.016667
0 0.484375 0.779167 0.012500 0.016667
0 0.456250 0.758333 0.012500 0.016667
0 0.565625 0.706250 0.006250 0.008333
0 0.559375 0.710417 0.006250 0.008333
0 0.582812 0.656250 0.006250 0.008333
0 0.559375 0.650000 0.006250 0.008333
0 0.550000 0.664583 0.006250 0.008333
0 0.539062 0.670833 0.006250 0.008333
0 0.537500 0.681250 0.006250 0.008333
0 0.532813 0.691667 0.006250 0.008333
0 0.548438 0.708333 0.006250 0.008333
0 0.532813 0.708333 0.006250 0.008333
0 0.520312 0.722917 0.006250 0.008333
0 0.510938 0.685417 0.006250 0.008333
0 0.512500 0.672917 0.006250 0.008333
0 0.528125 0.660417 0.006250 0.008333
0 0.518750 0.635417 0.006250 0.008333
0 0.507812 0.666667 0.006250 0.008333
0 0.453125 0.635417 0.006250 0.008333
0 0.410938 0.639583 0.006250 0.008333
0 0.445312 0.677083 0.006250 0.008333
0 0.442188 0.664583 0.006250 0.008333
0 0.429688 0.664583 0.006250 0.008333
0 0.421875 0.662500 0.006250 0.008333
0 0.435937 0.702083 0.006250 0.008333
0 0.403125 0.712500 0.006250 0.008333
0 0.390625 0.720833 0.006250 0.008333
0 0.378125 0.722917 0.006250 0.008333
0 0.343750 0.720833 0.006250 0.008333
0 0.351562 0.654167 0.006250 0.008333
0 0.335938 0.637500 0.006250 0.008333
0 0.306250 0.670833 0.006250 0.008333
0 0.309375 0.716667 0.006250 0.008333
0 0.253125 0.660417 0.006250 0.008333
0 0.101562 0.706250 0.006250 0.008333
0 0.062500 0.722917 0.006250 0.008333