0 0.062500 0.725000 0.006250 0.008333
0 0.098437 0.708333 0.006250 0.008333
0 0.965625 0.839583 0.012500 0.016667
0 0.959375 0.841667 0.012500 0.016667
0 0.918750 0.854167 0.012500 0.016667
0 0.928125 0.766667 0.012500 0.016667
0 0.843750 0.814583 0.012500 0.016667
0 0.829688 0.770833 0.012500 0.016667
0 0.831250 0.677083 0.006250 0.008333
0 0.793750 0.641667 0.006250 0.008333
0 0.801562 0.683333 0.006250 0.008333
0 0.759375 0.654167 0.006250 0.008333
0 0.746875 0.654167 0.006250 0.008333
0 0.743750 0.635417 0.006250 0.008333
0 0.731250 0.635417 0.006250 0.008333
0 0.706250 0.647917 0.006250 0.008333
0 0.703125 0.654167 0.006250 0.008333
0 0.715625 0.664583 0.006250 0.008333
0 0.687500 0.660417 0.006250 0.008333
0 0.696875 0.693750 0.006250 0.008333
0 0.698438 0.718750 0.006250 0.008333
0 0.726562 0.745833 0.006250 0.008333
0 0.656250 0.741667 0.006250 0.008333
0 0.643750 0.825000 0.012500 0.016667
0 0.634375 0.806250 0.012500 0.016667
0 0.631250 0.804167 0.012500 0.016667
0 0.615625 0.808333 0.012500 0.016667
0 0.571875 0.831250 0.012500 0.016667
0 0.643750 0.670833 0.006250 0.008333
0 0.637500 0.641667 0.006250 0.008333
0 0.609375 0.635417 0.006250 0.008333
0 0.614062 0.660417 0.006250 0.008333
0 0.609375 0.654167 0.006250 0.008333
0 0.585938 0.645833 0.006250 0.008333
0 0.582812 0.658333 0.006250 0.008333
0 0.565625 0.660417 0.006250 0.008333
0 0.559375 0.650000 0.006250 0.008333
0 0.621875 0.708333 0.006250 0.008333
0 0.610938 0.708333 0.006250 0.008333
0 0.607812 0.702083 0.006250 0.008333
0 0.604688 0.693750 0.006250 0.008333
0 0.592187 0.695833 0.006250 0.008333
0 0.584375 0.695833 0.006250 0.008333
0 0.584375 0.735417 0.006250 0.008333
0 0.550000 0.781250 0.012500 0.016667
0 0.562500 0.714583 0.006250 0.008333
0 0.553125 0.702083 0.006250 0.008333
0 0.550000 0.700000 0.006250 0.008333
0 0.542188 0.670833 0.006250 0.008333
0 0.542188 0.677083 0.006250 0.008333
0 0.539062 0.695833 0.006250 0.008333
0 0.535937 0.693750 0.006250 0.008333
0 0.534375 0.704167 0.006250 0.008333
0 0.531250 0.710417 0.006250 0.008333
0 0.520312 0.720833 0.006250 0.008333
0 0.539062 0.752083 0.012500 0.016667
0 0.512500 0.720833 0.006250 0.008333
0 0.518750 0.635417 0.006250 0.008333
0 0.521875 0.664583 0.006250 0.008333
0 0.512500 0.677083 0.006250 0.008333
0 0.510938 0.687500 0.006250 0.008333
0 0.507812 0.666667 0.006250 0.008333
0 0.501563 0.647917 0.006250 0.008333
0 0.496875 0.654167 0.006250 0.008333
0 0.490625 0.650000 0.006250 0.008333
0 0.503125 0.683333 0.006250 0.008333
0 0.493750 0.685417 0.006250 0.008333
0 0.495312 0.693750 0.006250 0.008333
0 0.498437 0.712500 0.006250 0.008333
0 0.473438 0.664583 0.006250 0.008333
0 0.476562 0.685417 0.006250 0.008333
0 0.478125 0.693750 0.006250 0.008333
0 0.478125 0.704167 0.006250 0.008333
0 0.493750 0.787500 0.012500 0.016667
0 0.484375 0.779167 0.012500 0.016667
0 0.456250 0.758333 0.012500 0.016667
0 0.453125 0.725000 0.006250 0.008333
0 0.451562 0.633333 0.006250 0.008333
0 0.439063 0.647917 0.006250 0.008333
0 0.440625 0.666667 0.006250 0.008333
0 0.445312 0.679167 0.006250 0.008333
0 0.435937 0.702083 0.006250 0.008333
0 0.425000 0.662500 0.006250 0.008333
0 0.412500 0.641667 0.006250 0.008333
0 0.403125 0.712500 0.006250 0.008333
0 0.390625 0.718750 0.006250 0.008333
0 0.387500 0.727083 0.006250 0.008333
0 0.378125 0.722917 0.006250 0.008333
0 0.357812 0.710417 0.006250 0.008333
0 0.353125 0.650000 0.006250 0.008333
0 0.312500 0.718750 0.006250 0.008333
0 0.253125 0.662500 0.006250 0.008333