0 0.781250 0.845833 0.012500 0.016667
0 0.731250 0.839583 0.012500 0.016667
0 0.731250 0.812500 0.012500 0.016667
0 0.620313 0.743750 0.006250 0.008333
0 0.614062 0.737500 0.006250 0.008333
0 0.606250 0.743750 0.006250 0.008333
0 0.620313 0.710417 0.006250 0.008333
0 0.612500 0.706250 0.006250 0.008333
0 0.631250 0.595833 0.006250 0.008333
0 0.607812 0.647917 0.006250 0.008333
0 0.600000 0.704167 0.006250 0.008333
0 0.584375 0.693750 0.006250 0.008333
0 0.578125 0.695833 0.006250 0.008333
0 0.578125 0.670833 0.006250 0.008333
0 0.557813 0.693750 0.006250 0.008333
0 0.545312 0.710417 0.006250 0.008333
0 0.537500 0.710417 0.006250 0.008333
0 0.528125 0.714583 0.006250 0.008333
0 0.525000 0.706250 0.006250 0.008333
0 0.504687 0.739583 0.006250 0.008333
0 0.546875 0.689583 0.006250 0.008333
0 0.537500 0.693750 0.006250 0.008333
0 0.518750 0.685417 0.006250 0.008333
0 0.518750 0.662500 0.006250 0.008333
0 0.510938 0.670833 0.006250 0.008333
0 0.515625 0.677083 0.006250 0.008333