0 0.778125 0.852083 0.012500 0.016667
0 0.734375 0.843750 0.012500 0.016667
0 0.729688 0.812500 0.012500 0.016667
0 0.696875 0.718750 0.006250 0.008333
0 0.620313 0.739583 0.006250 0.008333
0 0.615625 0.739583 0.006250 0.008333
0 0.607812 0.743750 0.006250 0.008333
0 0.612500 0.706250 0.006250 0.008333
0 0.618750 0.706250 0.006250 0.008333
0 0.631250 0.697917 0.006250 0.008333
0 0.629687 0.689583 0.006250 0.008333
0 0.642188 0.668750 0.006250 0.008333
0 0.656250 0.681250 0.006250 0.008333
0 0.609375 0.652083 0.006250 0.008333
0 0.600000 0.706250 0.006250 0.008333
0 0.584375 0.695833 0.006250 0.008333
0 0.578125 0.693750 0.006250 0.008333
0 0.578125 0.672917 0.006250 0.008333
0 0.540625 0.710417 0.006250 0.008333
0 0.534375 0.714583 0.006250 0.008333
0 0.529687 0.710417 0.006250 0.008333
0 0.503125 0.737500 0.006250 0.008333
0 0.545312 0.689583 0.006250 0.008333
0 0.539062 0.693750 0.006250 0.008333
0 0.532813 0.693750 0.006250 0.008333
0 0.523438 0.695833 0.006250 0.008333
0 0.515625 0.695833 0.006250 0.008333
0 0.456250 0.712500 0.006250 0.008333
0 0.464062 0.687500 0.006250 0.008333
0 0.456250 0.693750 0.006250 0.008333
0 0.448437 0.693750 0.006250 0.008333
0 0.445312 0.687500 0.006250 0.008333
0 0.460938 0.681250 0.006250 0.008333
0 0.459375 0.687500 0.006250 0.008333
0 0.459375 0.697917 0.006250 0.008333