0 0.932813 0.643750 0.006250 0.008333
0 0.981250 0.702083 0.006250 0.008333
0 0.970313 0.779167 0.012500 0.016667
0 0.959375 0.775000 0.012500 0.016667
0 0.985938 0.862500 0.012500 0.016667
0 0.964063 0.839583 0.012500 0.016667
0 0.920312 0.854167 0.012500 0.016667
0 0.912500 0.720833 0.006250 0.008333
0 0.893750 0.716667 0.006250 0.008333
0 0.792188 0.641667 0.006250 0.008333
0 0.743750 0.635417 0.006250 0.008333
0 0.731250 0.635417 0.006250 0.008333
0 0.745313 0.652083 0.006250 0.008333
0 0.804688 0.685417 0.006250 0.008333
0 0.820312 0.687500 0.006250 0.008333
0 0.817187 0.802083 0.012500 0.016667
0 0.726562 0.745833 0.006250 0.008333
0 0.715625 0.672917 0.006250 0.008333
0 0.700000 0.668750 0.006250 0.008333
0 0.696875 0.693750 0.006250 0.008333
0 0.703125 0.704167 0.006250 0.008333
0 0.696875 0.716667 0.006250 0.008333
0 0.643750 0.658333 0.006250 0.008333
0 0.637500 0.672917 0.006250 0.008333
0 0.653125 0.700000 0.006250 0.008333
0 0.657813 0.737500 0.006250 0.008333
0 0.609375 0.650000 0.006250 0.008333
0 0.609375 0.658333 0.006250 0.008333
0 0.612500 0.658333 0.006250 0.008333
0 0.621875 0.708333 0.006250 0.008333
0 0.615625 0.702083 0.006250 0.008333
0 0.610938 0.706250 0.006250 0.008333
0 0.595313 0.693750 0.006250 0.008333
0 0.581250 0.656250 0.006250 0.008333
0 0.559375 0.650000 0.006250 0.008333
0 0.550000 0.664583 0.006250 0.008333
0 0.539062 0.668750 0.006250 0.008333
0 0.525000 0.658333 0.006250 0.008333
0 0.517188 0.635417 0.006250 0.008333
0 0.503125 0.647917 0.006250 0.008333
0 0.496875 0.647917 0.006250 0.008333
0 0.489063 0.647917 0.006250 0.008333
0 0.453125 0.633333 0.006250 0.008333
0 0.409375 0.641667 0.006250 0.008333
0 0.351562 0.656250 0.006250 0.008333
0 0.335938 0.639583 0.006250 0.008333
0 0.304688 0.670833 0.006250 0.008333
0 0.423438 0.664583 0.006250 0.008333
0 0.434375 0.662500 0.006250 0.008333
0 0.440625 0.664583 0.006250 0.008333
0 0.448437 0.677083 0.006250 0.008333
0 0.471875 0.664583 0.006250 0.008333
0 0.509375 0.666667 0.006250 0.008333
0 0.512500 0.675000 0.006250 0.008333
0 0.512500 0.685417 0.006250 0.008333
0 0.507812 0.687500 0.006250 0.008333
0 0.492188 0.685417 0.006250 0.008333
0 0.475000 0.685417 0.006250 0.008333
0 0.476562 0.693750 0.006250 0.008333
0 0.500000 0.716667 0.006250 0.008333
0 0.535937 0.691667 0.006250 0.008333
0 0.548438 0.697917 0.006250 0.008333
0 0.546875 0.706250 0.006250 0.008333
0 0.534375 0.710417 0.006250 0.008333
0 0.520312 0.722917 0.006250 0.008333
0 0.562500 0.708333 0.006250 0.008333
0 0.559375 0.714583 0.006250 0.008333
0 0.584375 0.733333 0.006250 0.008333
0 0.539062 0.752083 0.012500 0.016667
0 0.437500 0.702083 0.006250 0.008333
0 0.403125 0.712500 0.006250 0.008333
0 0.389062 0.718750 0.006250 0.008333
0 0.381250 0.725000 0.006250 0.008333
0 0.343750 0.718750 0.006250 0.008333
0 0.310937 0.718750 0.006250 0.008333
0 0.304688 0.754167 0.012500 0.016667
0 0.248438 0.750000 0.012500 0.016667
0 0.237500 0.752083 0.012500 0.016667
0 0.101562 0.706250 0.006250 0.008333
0 0.062500 0.725000 0.006250 0.008333
0 0.453125 0.758333 0.012500 0.016667
0 0.484375 0.779167 0.012500 0.016667
0 0.632812 0.808333 0.012500 0.016667
0 0.625000 0.800000 0.012500 0.016667
0 0.632812 0.822917 0.012500 0.016667
0 0.614062 0.806250 0.012500 0.016667