0 0.932813 0.645833 0.006250 0.008333
0 0.982812 0.702083 0.006250 0.008333
0 0.968750 0.781250 0.012500 0.016667
0 0.960938 0.777083 0.012500 0.016667
0 0.984375 0.858333 0.012500 0.016667
0 0.964063 0.839583 0.012500 0.016667
0 0.920312 0.852083 0.012500 0.016667
0 0.912500 0.720833 0.006250 0.008333
0 0.892188 0.718750 0.006250 0.008333
0 0.815625 0.802083 0.012500 0.016667
0 0.823438 0.689583 0.006250 0.008333
0 0.803125 0.689583 0.006250 0.008333
0 0.790625 0.643750 0.006250 0.008333
0 0.732812 0.637500 0.006250 0.008333
0 0.742188 0.637500 0.006250 0.008333
0 0.750000 0.654167 0.006250 0.008333
0 0.712500 0.664583 0.006250 0.008333
0 0.715625 0.670833 0.006250 0.008333
0 0.696875 0.691667 0.006250 0.008333
0 0.701562 0.702083 0.006250 0.008333
0 0.696875 0.718750 0.006250 0.008333
0 0.725000 0.743750 0.006250 0.008333
0 0.643750 0.660417 0.006250 0.008333
0 0.640625 0.670833 0.006250 0.008333
0 0.656250 0.702083 0.006250 0.008333
0 0.656250 0.737500 0.006250 0.008333
0 0.626563 0.802083 0.012500 0.016667
0 0.632812 0.808333 0.012500 0.016667
0 0.629687 0.822917 0.012500 0.016667
0 0.615625 0.808333 0.012500 0.016667
0 0.609375 0.647917 0.006250 0.008333
0 0.614062 0.658333 0.006250 0.008333
0 0.621875 0.706250 0.006250 0.008333
0 0.615625 0.702083 0.006250 0.008333
0 0.612500 0.710417 0.006250 0.008333
0 0.598437 0.695833 0.006250 0.008333
0 0.590625 0.700000 0.006250 0.008333
0 0.582812 0.654167 0.006250 0.008333
0 0.584375 0.733333 0.006250 0.008333
0 0.559375 0.650000 0.006250 0.008333
0 0.550000 0.664583 0.006250 0.008333
0 0.540625 0.668750 0.006250 0.008333
0 0.525000 0.662500 0.006250 0.008333
0 0.518750 0.637500 0.006250 0.008333
0 0.500000 0.650000 0.006250 0.008333
0 0.496875 0.652083 0.006250 0.008333
0 0.489063 0.652083 0.006250 0.008333
0 0.451562 0.633333 0.006250 0.008333
0 0.414062 0.639583 0.006250 0.008333
0 0.335938 0.639583 0.006250 0.008333
0 0.351562 0.654167 0.006250 0.008333
0 0.306250 0.670833 0.006250 0.008333
0 0.562500 0.708333 0.006250 0.008333
0 0.559375 0.714583 0.006250 0.008333
0 0.546875 0.704167 0.006250 0.008333
0 0.534375 0.693750 0.006250 0.008333
0 0.534375 0.706250 0.006250 0.008333
0 0.529687 0.708333 0.006250 0.008333
0 0.520312 0.720833 0.006250 0.008333
0 0.540625 0.750000 0.012500 0.016667
0 0.507812 0.664583 0.006250 0.008333
0 0.512500 0.675000 0.006250 0.008333
0 0.510938 0.687500 0.006250 0.008333
0 0.492188 0.685417 0.006250 0.008333
0 0.476562 0.664583 0.006250 0.008333
0 0.476562 0.685417 0.006250 0.008333
0 0.476562 0.695833 0.006250 0.008333
0 0.496875 0.716667 0.006250 0.008333
0 0.482812 0.725000 0.006250 0.008333
0 0.484375 0.781250 0.012500 0.016667
0 0.454688 0.758333 0.012500 0.016667
0 0.423438 0.662500 0.006250 0.008333
0 0.431250 0.664583 0.006250 0.008333
0 0.439063 0.666667 0.006250 0.008333
0 0.446875 0.679167 0.006250 0.008333
0 0.437500 0.704167 0.006250 0.008333
0 0.401562 0.712500 0.006250 0.008333
0 0.389062 0.720833 0.006250 0.008333
0 0.378125 0.727083 0.006250 0.008333
0 0.343750 0.718750 0.006250 0.008333
0 0.310937 0.718750 0.006250 0.008333
0 0.331250 0.752083 0.012500 0.016667
0 0.303125 0.756250 0.012500 0.016667
0 0.101562 0.708333 0.006250 0.008333
0 0.060937 0.722917 0.006250 0.008333