0 0.855838 0.283072 0.0210787 0.037224
0 0.774464 0.484984 0.0257411 0.0445
0 0.580358 0.0782042 0.014502 0.0284346
0 0.442669 0.450486 0.0225986 0.041615
0 0.356972 0.151108 0.015765 0.0302208
0 0.599867 0.369947 0.0214147 0.0397654
0 0.880711 0.177944 0.0185374 0.0335102
0 0.650212 0.340575 0.0208138 0.0392225
0 0.761047 0.527118 0.0268102 0.0472998
0 0.561468 0.208669 0.0170123 0.0327429
0 0.430025 0.21013 0.0170161 0.0326622
0 0.229469 0.248896 0.0189857 0.0357643
0 0.332076 0.513167 0.0242036 0.0454048
