0 0.965625 0.839583 0.012500 0.016667
0 0.957812 0.839583 0.012500 0.016667
0 0.945312 0.852083 0.012500 0.016667
0 0.939063 0.831250 0.012500 0.016667
0 0.921875 0.856250 0.012500 0.016667
0 0.904687 0.893750 0.012500 0.016667
0 0.950000 0.766667 0.012500 0.016667
0 0.928125 0.766667 0.012500 0.016667
0 0.878125 0.762500 0.012500 0.016667
0 0.828125 0.768750 0.012500 0.016667
0 0.781250 0.845833 0.012500 0.016667
0 0.831250 0.677083 0.006250 0.008333
0 0.804688 0.687500 0.006250 0.008333
0 0.759375 0.656250 0.006250 0.008333
0 0.750000 0.654167 0.006250 0.008333
0 0.760938 0.706250 0.006250 0.008333
0 0.717187 0.664583 0.006250 0.008333
0 0.703125 0.654167 0.006250 0.008333
0 0.687500 0.658333 0.006250 0.008333
0 0.698438 0.718750 0.006250 0.008333
0 0.740625 0.739583 0.006250 0.008333
0 0.725000 0.750000 0.012500 0.016667
0 0.685937 0.816667 0.012500 0.016667
0 0.679688 0.741667 0.006250 0.008333
0 0.679688 0.756250 0.012500 0.016667
0 0.675000 0.756250 0.012500 0.016667
0 0.650000 0.745833 0.006250 0.008333
0 0.656250 0.683333 0.006250 0.008333
0 0.640625 0.672917 0.006250 0.008333
0 0.614062 0.660417 0.006250 0.008333
0 0.609375 0.652083 0.006250 0.008333
0 0.589063 0.645833 0.006250 0.008333
0 0.582812 0.654167 0.006250 0.008333
0 0.559375 0.650000 0.006250 0.008333
0 0.629687 0.687500 0.006250 0.008333
0 0.628125 0.697917 0.006250 0.008333
0 0.623437 0.708333 0.006250 0.008333
0 0.615625 0.706250 0.006250 0.008333
0 0.612500 0.708333 0.006250 0.008333
0 0.610938 0.704167 0.006250 0.008333
0 0.596875 0.691667 0.006250 0.008333
0 0.582812 0.697917 0.006250 0.008333
0 0.576562 0.695833 0.006250 0.008333
0 0.550000 0.700000 0.006250 0.008333
0 0.540625 0.697917 0.006250 0.008333
0 0.532813 0.697917 0.006250 0.008333
0 0.512500 0.672917 0.006250 0.008333
0 0.503125 0.645833 0.006250 0.008333
0 0.496875 0.654167 0.006250 0.008333
0 0.490625 0.647917 0.006250 0.008333
0 0.439063 0.650000 0.006250 0.008333
0 0.375000 0.637500 0.006250 0.008333
0 0.306250 0.670833 0.006250 0.008333
0 0.267188 0.754167 0.012500 0.016667
0 0.131250 0.672917 0.006250 0.008333
0 0.367188 0.702083 0.006250 0.008333
0 0.357812 0.708333 0.006250 0.008333
0 0.445312 0.677083 0.006250 0.008333
0 0.456250 0.708333 0.006250 0.008333
0 0.429688 0.737500 0.006250 0.008333
0 0.490625 0.685417 0.006250 0.008333
0 0.512500 0.689583 0.006250 0.008333
0 0.500000 0.689583 0.006250 0.008333
0 0.496875 0.700000 0.006250 0.008333
0 0.532813 0.708333 0.006250 0.008333
0 0.528125 0.710417 0.006250 0.008333
0 0.510938 0.718750 0.006250 0.008333
0 0.504687 0.706250 0.006250 0.008333
0 0.496875 0.716667 0.006250 0.008333
0 0.500000 0.745833 0.006250 0.008333
0 0.467187 0.747917 0.006250 0.008333
0 0.456250 0.756250 0.012500 0.016667
0 0.578125 0.718750 0.006250 0.008333
0 0.562500 0.716667 0.006250 0.008333
0 0.568750 0.741667 0.006250 0.008333
0 0.626563 0.735417 0.006250 0.008333
0 0.620313 0.727083 0.006250 0.008333
0 0.610938 0.739583 0.006250 0.008333
0 0.600000 0.739583 0.006250 0.008333
0 0.596875 0.756250 0.012500 0.016667
0 0.626563 0.762500 0.012500 0.016667
0 0.640625 0.768750 0.012500 0.016667
0 0.651563 0.772917 0.012500 0.016667
0 0.632812 0.795833 0.012500 0.016667
0 0.514062 0.775000 0.012500 0.016667
0 0.504687 0.785417 0.012500 0.016667
0 0.493750 0.775000 0.012500 0.016667
0 0.485938 0.779167 0.012500 0.016667
0 0.479687 0.772917 0.012500 0.016667