0 0.782813 0.852083 0.012500 0.016667
0 0.732812 0.841667 0.012500 0.016667
0 0.729688 0.812500 0.012500 0.016667
0 0.671875 0.702083 0.006250 0.008333
0 0.657813 0.679167 0.006250 0.008333
0 0.642188 0.668750 0.006250 0.008333
0 0.628125 0.687500 0.006250 0.008333
0 0.628125 0.697917 0.006250 0.008333
0 0.618750 0.706250 0.006250 0.008333
0 0.612500 0.708333 0.006250 0.008333
0 0.621875 0.745833 0.006250 0.008333
0 0.617188 0.737500 0.006250 0.008333
0 0.612500 0.741667 0.006250 0.008333
0 0.606250 0.741667 0.006250 0.008333
0 0.598437 0.708333 0.006250 0.008333
0 0.607812 0.652083 0.006250 0.008333
0 0.585938 0.693750 0.006250 0.008333
0 0.579688 0.695833 0.006250 0.008333
0 0.579688 0.675000 0.006250 0.008333
0 0.504687 0.735417 0.006250 0.008333
0 0.523438 0.695833 0.006250 0.008333
0 0.537500 0.695833 0.006250 0.008333
0 0.539062 0.712500 0.006250 0.008333
0 0.553125 0.697917 0.006250 0.008333
0 0.550000 0.689583 0.006250 0.008333
0 0.534375 0.697917 0.006250 0.008333
0 0.528125 0.702083 0.006250 0.008333
0 0.531250 0.710417 0.006250 0.008333
0 0.528125 0.687500 0.006250 0.008333