0 0.936467 0.609278 0.0290037 0.0498569
0 0.962615 0.559701 0.0282809 0.0468705
0 0.54221 0.258347 0.0183537 0.0326935
0 0.618127 0.406916 0.0219864 0.0389048
0 0.578528 0.766386 0.0291158 0.0539855
0 0.224099 0.417509 0.022042 0.0368368
0 0.742689 0.231759 0.0196531 0.0352234
0 0.500869 0.156478 0.0170827 0.0309608
0 0.767986 0.431948 0.0238551 0.0413049
0 0.721206 0.334812 0.021181 0.039142
0 0.347839 0.292149 0.0187799 0.0335245
0 0.782105 0.186022 0.0186699 0.033236
0 0.147064 0.0756577 0.014314 0.0257399
