0 0.967187 0.837500 0.012500 0.016667
0 0.957812 0.841667 0.012500 0.016667
0 0.926562 0.764583 0.012500 0.016667
0 0.918750 0.854167 0.012500 0.016667
0 0.828125 0.677083 0.006250 0.008333
0 0.803125 0.687500 0.006250 0.008333
0 0.829688 0.768750 0.012500 0.016667
0 0.843750 0.812500 0.012500 0.016667
0 0.764062 0.681250 0.006250 0.008333
0 0.759375 0.654167 0.006250 0.008333
0 0.748437 0.656250 0.006250 0.008333
0 0.742188 0.645833 0.006250 0.008333
0 0.706250 0.631250 0.006250 0.008333
0 0.704688 0.643750 0.006250 0.008333
0 0.703125 0.650000 0.006250 0.008333
0 0.714063 0.662500 0.006250 0.008333
0 0.690625 0.656250 0.006250 0.008333
0 0.698438 0.691667 0.006250 0.008333
0 0.696875 0.716667 0.006250 0.008333
0 0.726562 0.747917 0.006250 0.008333
0 0.656250 0.739583 0.006250 0.008333
0 0.637500 0.637500 0.006250 0.008333
0 0.642188 0.672917 0.006250 0.008333
0 0.610938 0.635417 0.006250 0.008333
0 0.607812 0.650000 0.006250 0.008333
0 0.615625 0.658333 0.006250 0.008333
0 0.623437 0.704167 0.006250 0.008333
0 0.643750 0.825000 0.012500 0.016667
0 0.634375 0.806250 0.012500 0.016667
0 0.628125 0.804167 0.012500 0.016667
0 0.612500 0.808333 0.012500 0.016667
0 0.573438 0.831250 0.012500 0.016667
0 0.587500 0.643750 0.006250 0.008333
0 0.582812 0.658333 0.006250 0.008333
0 0.567187 0.637500 0.006250 0.008333
0 0.554688 0.633333 0.006250 0.008333
0 0.560937 0.650000 0.006250 0.008333
0 0.565625 0.662500 0.006250 0.008333
0 0.612500 0.706250 0.006250 0.008333
0 0.606250 0.695833 0.006250 0.008333
0 0.604688 0.691667 0.006250 0.008333
0 0.590625 0.693750 0.006250 0.008333
0 0.584375 0.697917 0.006250 0.008333
0 0.609375 0.735417 0.006250 0.008333
0 0.584375 0.733333 0.006250 0.008333
0 0.562500 0.714583 0.006250 0.008333
0 0.518750 0.635417 0.006250 0.008333
0 0.521875 0.660417 0.006250 0.008333
0 0.539062 0.670833 0.006250 0.008333
0 0.542188 0.677083 0.006250 0.008333
0 0.553125 0.700000 0.006250 0.008333
0 0.548438 0.700000 0.006250 0.008333
0 0.542188 0.697917 0.006250 0.008333
0 0.532813 0.693750 0.006250 0.008333
0 0.534375 0.706250 0.006250 0.008333
0 0.529687 0.710417 0.006250 0.008333
0 0.520312 0.722917 0.006250 0.008333
0 0.539062 0.752083 0.012500 0.016667
0 0.550000 0.779167 0.012500 0.016667
0 0.495312 0.633333 0.006250 0.008333
0 0.501563 0.650000 0.006250 0.008333
0 0.496875 0.650000 0.006250 0.008333
0 0.490625 0.652083 0.006250 0.008333
0 0.496875 0.660417 0.006250 0.008333
0 0.509375 0.668750 0.006250 0.008333
0 0.512500 0.677083 0.006250 0.008333
0 0.512500 0.687500 0.006250 0.008333
0 0.503125 0.681250 0.006250 0.008333
0 0.492188 0.685417 0.006250 0.008333
0 0.493750 0.697917 0.006250 0.008333
0 0.512500 0.720833 0.006250 0.008333
0 0.498437 0.714583 0.006250 0.008333
0 0.476562 0.687500 0.006250 0.008333
0 0.476562 0.693750 0.006250 0.008333
0 0.476562 0.702083 0.006250 0.008333
0 0.492188 0.787500 0.012500 0.016667
0 0.484375 0.777083 0.012500 0.016667
0 0.454688 0.756250 0.012500 0.016667
0 0.454688 0.725000 0.006250 0.008333
0 0.451562 0.633333 0.006250 0.008333
0 0.440625 0.647917 0.006250 0.008333
0 0.440625 0.664583 0.006250 0.008333
0 0.446875 0.675000 0.006250 0.008333
0 0.435937 0.704167 0.006250 0.008333
0 0.428125 0.708333 0.006250 0.008333
0 0.421875 0.664583 0.006250 0.008333
0 0.412500 0.637500 0.006250 0.008333
0 0.389062 0.635417 0.006250 0.008333
0 0.351562 0.650000 0.006250 0.008333
0 0.375000 0.697917 0.006250 0.008333
0 0.357812 0.706250 0.006250 0.008333
0 0.335938 0.637500 0.006250 0.008333
0 0.303125 0.654167 0.006250 0.008333
0 0.304688 0.668750 0.006250 0.008333
0 0.260937 0.668750 0.006250 0.008333
0 0.100000 0.704167 0.006250 0.008333
0 0.064062 0.725000 0.006250 0.008333