0 0.981250 0.702083 0.006250 0.008333
0 0.932813 0.645833 0.006250 0.008333
0 0.920312 0.681250 0.006250 0.008333
0 0.928125 0.766667 0.012500 0.016667
0 0.965625 0.839583 0.012500 0.016667
0 0.957812 0.841667 0.012500 0.016667
0 0.918750 0.852083 0.012500 0.016667
0 0.831250 0.770833 0.012500 0.016667
0 0.815625 0.804167 0.012500 0.016667
0 0.829688 0.679167 0.006250 0.008333
0 0.743750 0.635417 0.006250 0.008333
0 0.732812 0.635417 0.006250 0.008333
0 0.746875 0.654167 0.006250 0.008333
0 0.703125 0.652083 0.006250 0.008333
0 0.715625 0.664583 0.006250 0.008333
0 0.714063 0.672917 0.006250 0.008333
0 0.695312 0.693750 0.006250 0.008333
0 0.701562 0.702083 0.006250 0.008333
0 0.696875 0.718750 0.006250 0.008333
0 0.726562 0.747917 0.006250 0.008333
0 0.657813 0.741667 0.006250 0.008333
0 0.631250 0.820833 0.012500 0.016667
0 0.634375 0.808333 0.012500 0.016667
0 0.629687 0.802083 0.012500 0.016667
0 0.615625 0.808333 0.012500 0.016667
0 0.642188 0.672917 0.006250 0.008333
0 0.637500 0.641667 0.006250 0.008333
0 0.615625 0.660417 0.006250 0.008333
0 0.610938 0.654167 0.006250 0.008333
0 0.582812 0.658333 0.006250 0.008333
0 0.565625 0.662500 0.006250 0.008333
0 0.560937 0.647917 0.006250 0.008333
0 0.518750 0.635417 0.006250 0.008333
0 0.450000 0.635417 0.006250 0.008333
0 0.410938 0.641667 0.006250 0.008333
0 0.351562 0.650000 0.006250 0.008333
0 0.339062 0.639583 0.006250 0.008333
0 0.304688 0.672917 0.006250 0.008333
0 0.253125 0.660417 0.006250 0.008333
0 0.101562 0.706250 0.006250 0.008333
0 0.064062 0.725000 0.006250 0.008333
0 0.623437 0.706250 0.006250 0.008333
0 0.614062 0.697917 0.006250 0.008333
0 0.610938 0.708333 0.006250 0.008333
0 0.607812 0.697917 0.006250 0.008333
0 0.596875 0.697917 0.006250 0.008333
0 0.585938 0.687500 0.006250 0.008333
0 0.587500 0.733333 0.006250 0.008333
0 0.557813 0.695833 0.006250 0.008333
0 0.554688 0.702083 0.006250 0.008333
0 0.550000 0.712500 0.006250 0.008333
0 0.539062 0.670833 0.006250 0.008333
0 0.531250 0.660417 0.006250 0.008333
0 0.520312 0.660417 0.006250 0.008333
0 0.501563 0.650000 0.006250 0.008333
0 0.496875 0.654167 0.006250 0.008333
0 0.489063 0.650000 0.006250 0.008333
0 0.506250 0.664583 0.006250 0.008333
0 0.514062 0.675000 0.006250 0.008333
0 0.510938 0.685417 0.006250 0.008333
0 0.532813 0.695833 0.006250 0.008333
0 0.525000 0.702083 0.006250 0.008333
0 0.534375 0.702083 0.006250 0.008333
0 0.535937 0.710417 0.006250 0.008333
0 0.520312 0.722917 0.006250 0.008333
0 0.540625 0.752083 0.012500 0.016667
0 0.550000 0.777083 0.012500 0.016667
0 0.484375 0.779167 0.012500 0.016667
0 0.498437 0.716667 0.006250 0.008333
0 0.493750 0.685417 0.006250 0.008333
0 0.487500 0.704167 0.006250 0.008333
0 0.475000 0.664583 0.006250 0.008333
0 0.478125 0.687500 0.006250 0.008333
0 0.476562 0.693750 0.006250 0.008333
0 0.445312 0.679167 0.006250 0.008333
0 0.439063 0.666667 0.006250 0.008333
0 0.431250 0.664583 0.006250 0.008333
0 0.423438 0.664583 0.006250 0.008333
0 0.435937 0.704167 0.006250 0.008333
0 0.431250 0.718750 0.006250 0.008333
0 0.456250 0.758333 0.012500 0.016667
0 0.403125 0.714583 0.006250 0.008333
0 0.389062 0.720833 0.006250 0.008333
0 0.381250 0.725000 0.006250 0.008333
0 0.343750 0.720833 0.006250 0.008333
0 0.310937 0.718750 0.006250 0.008333