0 0.781250 0.850000 0.012500 0.016667
0 0.734375 0.843750 0.012500 0.016667
0 0.729688 0.814583 0.012500 0.016667
0 0.698438 0.718750 0.006250 0.008333
0 0.620313 0.745833 0.006250 0.008333
0 0.615625 0.737500 0.006250 0.008333
0 0.612500 0.743750 0.006250 0.008333
0 0.603125 0.741667 0.006250 0.008333
0 0.656250 0.679167 0.006250 0.008333
0 0.629687 0.687500 0.006250 0.008333
0 0.628125 0.697917 0.006250 0.008333
0 0.642188 0.670833 0.006250 0.008333
0 0.618750 0.706250 0.006250 0.008333
0 0.612500 0.708333 0.006250 0.008333
0 0.600000 0.704167 0.006250 0.008333
0 0.607812 0.652083 0.006250 0.008333
0 0.584375 0.695833 0.006250 0.008333
0 0.579688 0.695833 0.006250 0.008333
0 0.579688 0.670833 0.006250 0.008333
0 0.542188 0.710417 0.006250 0.008333
0 0.534375 0.714583 0.006250 0.008333
0 0.531250 0.708333 0.006250 0.008333
0 0.504687 0.737500 0.006250 0.008333
0 0.546875 0.689583 0.006250 0.008333
0 0.540625 0.689583 0.006250 0.008333
0 0.532813 0.695833 0.006250 0.008333
0 0.523438 0.693750 0.006250 0.008333
0 0.515625 0.695833 0.006250 0.008333
0 0.507812 0.695833 0.006250 0.008333
0 0.503125 0.689583 0.006250 0.008333
0 0.495312 0.689583 0.006250 0.008333
0 0.506250 0.702083 0.006250 0.008333
0 0.490625 0.695833 0.006250 0.008333
0 0.495312 0.681250 0.006250 0.008333