0 0.782813 0.852083 0.012500 0.016667
0 0.734375 0.843750 0.012500 0.016667
0 0.729688 0.810417 0.012500 0.016667
0 0.623437 0.743750 0.006250 0.008333
0 0.612500 0.741667 0.006250 0.008333
0 0.604688 0.743750 0.006250 0.008333
0 0.600000 0.704167 0.006250 0.008333
0 0.612500 0.708333 0.006250 0.008333
0 0.620313 0.710417 0.006250 0.008333
0 0.629687 0.695833 0.006250 0.008333
0 0.628125 0.685417 0.006250 0.008333
0 0.640625 0.668750 0.006250 0.008333
0 0.646875 0.652083 0.006250 0.008333
0 0.607812 0.652083 0.006250 0.008333
0 0.579688 0.670833 0.006250 0.008333
0 0.579688 0.695833 0.006250 0.008333
0 0.584375 0.700000 0.006250 0.008333
0 0.503125 0.737500 0.006250 0.008333
0 0.528125 0.718750 0.006250 0.008333
0 0.529687 0.693750 0.006250 0.008333
0 0.546875 0.695833 0.006250 0.008333
0 0.557813 0.700000 0.006250 0.008333
0 0.531250 0.702083 0.006250 0.008333
0 0.543750 0.702083 0.006250 0.008333
0 0.537500 0.685417 0.006250 0.008333
0 0.532813 0.710417 0.006250 0.008333