0 0.982812 0.702083 0.006250 0.008333
0 0.934375 0.645833 0.006250 0.008333
0 0.970313 0.777083 0.012500 0.016667
0 0.957812 0.770833 0.012500 0.016667
0 0.984375 0.862500 0.012500 0.016667
0 0.964063 0.837500 0.012500 0.016667
0 0.920312 0.852083 0.012500 0.016667
0 0.910937 0.722917 0.006250 0.008333
0 0.893750 0.718750 0.006250 0.008333
0 0.821875 0.687500 0.006250 0.008333
0 0.804688 0.685417 0.006250 0.008333
0 0.792188 0.643750 0.006250 0.008333
0 0.742188 0.635417 0.006250 0.008333
0 0.731250 0.635417 0.006250 0.008333
0 0.748437 0.654167 0.006250 0.008333
0 0.815625 0.804167 0.012500 0.016667
0 0.725000 0.745833 0.006250 0.008333
0 0.714063 0.670833 0.006250 0.008333
0 0.696875 0.695833 0.006250 0.008333
0 0.700000 0.702083 0.006250 0.008333
0 0.696875 0.718750 0.006250 0.008333
0 0.657813 0.739583 0.006250 0.008333
0 0.653125 0.700000 0.006250 0.008333
0 0.643750 0.660417 0.006250 0.008333
0 0.623437 0.704167 0.006250 0.008333
0 0.617188 0.700000 0.006250 0.008333
0 0.610938 0.708333 0.006250 0.008333
0 0.595313 0.697917 0.006250 0.008333
0 0.610938 0.660417 0.006250 0.008333
0 0.609375 0.652083 0.006250 0.008333
0 0.584375 0.656250 0.006250 0.008333
0 0.559375 0.650000 0.006250 0.008333
0 0.551562 0.666667 0.006250 0.008333
0 0.539062 0.670833 0.006250 0.008333
0 0.526563 0.660417 0.006250 0.008333
0 0.518750 0.635417 0.006250 0.008333
0 0.632812 0.820833 0.012500 0.016667
0 0.632812 0.806250 0.012500 0.016667
0 0.628125 0.802083 0.012500 0.016667
0 0.615625 0.806250 0.012500 0.016667
0 0.332813 0.985417 0.012500 0.016667
0 0.540625 0.754167 0.012500 0.016667
0 0.553125 0.733333 0.006250 0.008333
0 0.559375 0.712500 0.006250 0.008333
0 0.562500 0.708333 0.006250 0.008333
0 0.546875 0.706250 0.006250 0.008333
0 0.534375 0.700000 0.006250 0.008333
0 0.534375 0.706250 0.006250 0.008333
0 0.528125 0.708333 0.006250 0.008333
0 0.520312 0.722917 0.006250 0.008333
0 0.498437 0.716667 0.006250 0.008333
0 0.507812 0.695833 0.006250 0.008333
0 0.512500 0.685417 0.006250 0.008333
0 0.507812 0.666667 0.006250 0.008333
0 0.501563 0.650000 0.006250 0.008333
0 0.495312 0.654167 0.006250 0.008333
0 0.489063 0.650000 0.006250 0.008333
0 0.492188 0.683333 0.006250 0.008333
0 0.489063 0.672917 0.006250 0.008333
0 0.475000 0.664583 0.006250 0.008333
0 0.476562 0.685417 0.006250 0.008333
0 0.475000 0.693750 0.006250 0.008333
0 0.453125 0.635417 0.006250 0.008333
0 0.440625 0.666667 0.006250 0.008333
0 0.432812 0.664583 0.006250 0.008333
0 0.425000 0.662500 0.006250 0.008333
0 0.412500 0.639583 0.006250 0.008333
0 0.435937 0.704167 0.006250 0.008333
0 0.456250 0.754167 0.012500 0.016667
0 0.485938 0.779167 0.012500 0.016667
0 0.404687 0.712500 0.006250 0.008333
0 0.389062 0.720833 0.006250 0.008333
0 0.382812 0.727083 0.006250 0.008333
0 0.375000 0.677083 0.006250 0.008333
0 0.371875 0.677083 0.006250 0.008333
0 0.359375 0.679167 0.006250 0.008333
0 0.351562 0.652083 0.006250 0.008333
0 0.335938 0.641667 0.006250 0.008333
0 0.304688 0.672917 0.006250 0.008333
0 0.343750 0.720833 0.006250 0.008333
0 0.309375 0.718750 0.006250 0.008333
0 0.307812 0.756250 0.012500 0.016667
0 0.250000 0.750000 0.012500 0.016667
0 0.237500 0.752083 0.012500 0.016667
0 0.253125 0.662500 0.006250 0.008333
0 0.100000 0.704167 0.006250 0.008333
0 0.062500 0.722917 0.006250 0.008333