0 0.965625 0.837500 0.012500 0.016667
0 0.959375 0.839583 0.012500 0.016667
0 0.920312 0.852083 0.012500 0.016667
0 0.926562 0.766667 0.012500 0.016667
0 0.843750 0.814583 0.012500 0.016667
0 0.831250 0.768750 0.012500 0.016667
0 0.829688 0.677083 0.006250 0.008333
0 0.803125 0.687500 0.006250 0.008333
0 0.792188 0.643750 0.006250 0.008333
0 0.743750 0.635417 0.006250 0.008333
0 0.731250 0.633333 0.006250 0.008333
0 0.757812 0.654167 0.006250 0.008333
0 0.746875 0.652083 0.006250 0.008333
0 0.704688 0.647917 0.006250 0.008333
0 0.703125 0.654167 0.006250 0.008333
0 0.689063 0.658333 0.006250 0.008333
0 0.715625 0.666667 0.006250 0.008333
0 0.696875 0.695833 0.006250 0.008333
0 0.695312 0.718750 0.006250 0.008333
0 0.726562 0.747917 0.006250 0.008333
0 0.637500 0.643750 0.006250 0.008333
0 0.640625 0.670833 0.006250 0.008333
0 0.610938 0.635417 0.006250 0.008333
0 0.609375 0.654167 0.006250 0.008333
0 0.615625 0.660417 0.006250 0.008333
0 0.587500 0.643750 0.006250 0.008333
0 0.582812 0.656250 0.006250 0.008333
0 0.565625 0.660417 0.006250 0.008333
0 0.560937 0.650000 0.006250 0.008333
0 0.518750 0.635417 0.006250 0.008333
0 0.593750 0.697917 0.006250 0.008333
0 0.581250 0.697917 0.006250 0.008333
0 0.562500 0.714583 0.006250 0.008333
0 0.550000 0.779167 0.012500 0.016667
0 0.539062 0.750000 0.012500 0.016667
0 0.493750 0.787500 0.012500 0.016667
0 0.484375 0.777083 0.012500 0.016667
0 0.456250 0.760417 0.012500 0.016667
0 0.554688 0.702083 0.006250 0.008333
0 0.550000 0.702083 0.006250 0.008333
0 0.539062 0.668750 0.006250 0.008333
0 0.543750 0.679167 0.006250 0.008333
0 0.542188 0.695833 0.006250 0.008333
0 0.532813 0.697917 0.006250 0.008333
0 0.532813 0.704167 0.006250 0.008333
0 0.529687 0.708333 0.006250 0.008333
0 0.520312 0.722917 0.006250 0.008333
0 0.512500 0.720833 0.006250 0.008333
0 0.520312 0.660417 0.006250 0.008333
0 0.512500 0.677083 0.006250 0.008333
0 0.510938 0.687500 0.006250 0.008333
0 0.507812 0.668750 0.006250 0.008333
0 0.501563 0.652083 0.006250 0.008333
0 0.498437 0.652083 0.006250 0.008333
0 0.489063 0.650000 0.006250 0.008333
0 0.503125 0.683333 0.006250 0.008333
0 0.495312 0.697917 0.006250 0.008333
0 0.498437 0.714583 0.006250 0.008333
0 0.492188 0.687500 0.006250 0.008333
0 0.476562 0.664583 0.006250 0.008333
0 0.476562 0.687500 0.006250 0.008333
0 0.478125 0.693750 0.006250 0.008333
0 0.476562 0.702083 0.006250 0.008333
0 0.451562 0.633333 0.006250 0.008333
0 0.412500 0.641667 0.006250 0.008333
0 0.440625 0.652083 0.006250 0.008333
0 0.440625 0.668750 0.006250 0.008333
0 0.446875 0.679167 0.006250 0.008333
0 0.437500 0.704167 0.006250 0.008333
0 0.453125 0.727083 0.006250 0.008333
0 0.425000 0.662500 0.006250 0.008333
0 0.404687 0.714583 0.006250 0.008333
0 0.390625 0.718750 0.006250 0.008333
0 0.385937 0.725000 0.006250 0.008333
0 0.376563 0.727083 0.006250 0.008333
0 0.359375 0.708333 0.006250 0.008333
0 0.343750 0.722917 0.006250 0.008333
0 0.351562 0.654167 0.006250 0.008333
0 0.335938 0.641667 0.006250 0.008333
0 0.301563 0.656250 0.006250 0.008333
0 0.306250 0.670833 0.006250 0.008333
0 0.310937 0.718750 0.006250 0.008333
0 0.254688 0.662500 0.006250 0.008333
0 0.101562 0.708333 0.006250 0.008333
0 0.064062 0.722917 0.006250 0.008333