0 0.781250 0.847917 0.012500 0.016667
0 0.732812 0.814583 0.012500 0.016667
0 0.732812 0.845833 0.012500 0.016667
0 0.623437 0.743750 0.006250 0.008333
0 0.612500 0.743750 0.006250 0.008333
0 0.604688 0.739583 0.006250 0.008333
0 0.618750 0.706250 0.006250 0.008333
0 0.612500 0.706250 0.006250 0.008333
0 0.601562 0.710417 0.006250 0.008333
0 0.609375 0.654167 0.006250 0.008333
0 0.626563 0.589583 0.006250 0.008333
0 0.578125 0.672917 0.006250 0.008333
0 0.584375 0.693750 0.006250 0.008333
0 0.576562 0.693750 0.006250 0.008333
0 0.560937 0.697917 0.006250 0.008333
0 0.556250 0.687500 0.006250 0.008333
0 0.546875 0.693750 0.006250 0.008333
0 0.540625 0.693750 0.006250 0.008333
0 0.534375 0.693750 0.006250 0.008333
0 0.545312 0.710417 0.006250 0.008333
0 0.537500 0.710417 0.006250 0.008333
0 0.529687 0.714583 0.006250 0.008333
0 0.525000 0.710417 0.006250 0.008333
0 0.501563 0.737500 0.006250 0.008333
0 0.506250 0.677083 0.006250 0.008333
0 0.523438 0.677083 0.006250 0.008333