0 0.356250 0.685417 0.006250 0.008333
0 0.362500 0.685417 0.006250 0.008333
0 0.371875 0.685417 0.006250 0.008333
0 0.375000 0.681250 0.006250 0.008333
0 0.360938 0.695833 0.006250 0.008333
0 0.367188 0.695833 0.006250 0.008333
0 0.356250 0.706250 0.006250 0.008333
0 0.375000 0.706250 0.006250 0.008333
0 0.459375 0.710417 0.006250 0.008333
0 0.467187 0.710417 0.006250 0.008333
0 0.501563 0.737500 0.006250 0.008333
0 0.517188 0.695833 0.006250 0.008333
0 0.523438 0.693750 0.006250 0.008333
0 0.532813 0.693750 0.006250 0.008333
0 0.542188 0.689583 0.006250 0.008333
0 0.546875 0.689583 0.006250 0.008333
0 0.529687 0.710417 0.006250 0.008333
0 0.534375 0.714583 0.006250 0.008333
0 0.539062 0.710417 0.006250 0.008333
0 0.609375 0.652083 0.006250 0.008333
0 0.578125 0.677083 0.006250 0.008333
0 0.578125 0.693750 0.006250 0.008333
0 0.582812 0.695833 0.006250 0.008333
0 0.600000 0.706250 0.006250 0.008333
0 0.614062 0.706250 0.006250 0.008333
0 0.620313 0.704167 0.006250 0.008333
0 0.629687 0.687500 0.006250 0.008333
0 0.642188 0.668750 0.006250 0.008333
0 0.656250 0.679167 0.006250 0.008333
0 0.700000 0.718750 0.006250 0.008333
0 0.621875 0.745833 0.006250 0.008333
0 0.617188 0.737500 0.006250 0.008333
0 0.612500 0.743750 0.006250 0.008333
0 0.606250 0.737500 0.006250 0.008333
0 0.731250 0.814583 0.012500 0.016667
0 0.732812 0.843750 0.012500 0.016667
0 0.781250 0.852083 0.012500 0.016667