0 0.781250 0.850000 0.012500 0.016667
0 0.732812 0.843750 0.012500 0.016667
0 0.728125 0.812500 0.012500 0.016667
0 0.698438 0.716667 0.006250 0.008333
0 0.621875 0.743750 0.006250 0.008333
0 0.617188 0.739583 0.006250 0.008333
0 0.610938 0.745833 0.006250 0.008333
0 0.606250 0.741667 0.006250 0.008333
0 0.657813 0.679167 0.006250 0.008333
0 0.643750 0.670833 0.006250 0.008333
0 0.628125 0.697917 0.006250 0.008333
0 0.629687 0.683333 0.006250 0.008333
0 0.620313 0.706250 0.006250 0.008333
0 0.612500 0.708333 0.006250 0.008333
0 0.600000 0.706250 0.006250 0.008333
0 0.609375 0.652083 0.006250 0.008333
0 0.585938 0.695833 0.006250 0.008333
0 0.579688 0.693750 0.006250 0.008333
0 0.578125 0.672917 0.006250 0.008333
0 0.548438 0.689583 0.006250 0.008333
0 0.542188 0.695833 0.006250 0.008333
0 0.540625 0.708333 0.006250 0.008333
0 0.534375 0.712500 0.006250 0.008333
0 0.529687 0.712500 0.006250 0.008333
0 0.542188 0.687500 0.006250 0.008333
0 0.532813 0.691667 0.006250 0.008333
0 0.521875 0.693750 0.006250 0.008333
0 0.515625 0.695833 0.006250 0.008333
0 0.504687 0.737500 0.006250 0.008333
0 0.484375 0.697917 0.006250 0.008333
0 0.468750 0.700000 0.006250 0.008333
0 0.471875 0.685417 0.006250 0.008333
0 0.478125 0.693750 0.006250 0.008333
0 0.476562 0.702083 0.006250 0.008333
0 0.484375 0.710417 0.006250 0.008333
0 0.490625 0.704167 0.006250 0.008333
0 0.475000 0.695833 0.006250 0.008333