0 0.743750 0.631250 0.006250 0.008333
0 0.729688 0.635417 0.006250 0.008333
0 0.759375 0.654167 0.006250 0.008333
0 0.746875 0.654167 0.006250 0.008333
0 0.829688 0.677083 0.006250 0.008333
0 0.804688 0.687500 0.006250 0.008333
0 0.926562 0.766667 0.012500 0.016667
0 0.965625 0.839583 0.012500 0.016667
0 0.954688 0.839583 0.012500 0.016667
0 0.918750 0.852083 0.012500 0.016667
0 0.842187 0.814583 0.012500 0.016667
0 0.831250 0.770833 0.012500 0.016667
0 0.726562 0.747917 0.006250 0.008333
0 0.721875 0.731250 0.006250 0.008333
0 0.696875 0.718750 0.006250 0.008333
0 0.714063 0.664583 0.006250 0.008333
0 0.706250 0.645833 0.006250 0.008333
0 0.703125 0.654167 0.006250 0.008333
0 0.687500 0.656250 0.006250 0.008333
0 0.696875 0.693750 0.006250 0.008333
0 0.637500 0.639583 0.006250 0.008333
0 0.642188 0.670833 0.006250 0.008333
0 0.657813 0.737500 0.006250 0.008333
0 0.642188 0.827083 0.012500 0.016667
0 0.634375 0.806250 0.012500 0.016667
0 0.628125 0.802083 0.012500 0.016667
0 0.615625 0.808333 0.012500 0.016667
0 0.573438 0.831250 0.012500 0.016667
0 0.623437 0.706250 0.006250 0.008333
0 0.614062 0.660417 0.006250 0.008333
0 0.609375 0.652083 0.006250 0.008333
0 0.610938 0.635417 0.006250 0.008333
0 0.587500 0.647917 0.006250 0.008333
0 0.584375 0.658333 0.006250 0.008333
0 0.565625 0.660417 0.006250 0.008333
0 0.560937 0.650000 0.006250 0.008333
0 0.610938 0.710417 0.006250 0.008333
0 0.606250 0.700000 0.006250 0.008333
0 0.603125 0.695833 0.006250 0.008333
0 0.590625 0.695833 0.006250 0.008333
0 0.584375 0.695833 0.006250 0.008333
0 0.585938 0.735417 0.006250 0.008333
0 0.560937 0.712500 0.006250 0.008333
0 0.554688 0.700000 0.006250 0.008333
0 0.550000 0.702083 0.006250 0.008333
0 0.531250 0.647917 0.006250 0.008333
0 0.540625 0.670833 0.006250 0.008333
0 0.542188 0.679167 0.006250 0.008333
0 0.543750 0.697917 0.006250 0.008333
0 0.534375 0.693750 0.006250 0.008333
0 0.534375 0.704167 0.006250 0.008333
0 0.528125 0.708333 0.006250 0.008333
0 0.550000 0.779167 0.012500 0.016667
0 0.539062 0.752083 0.012500 0.016667
0 0.521875 0.725000 0.006250 0.008333
0 0.512500 0.720833 0.006250 0.008333
0 0.518750 0.635417 0.006250 0.008333
0 0.523438 0.662500 0.006250 0.008333
0 0.500000 0.650000 0.006250 0.008333
0 0.492188 0.660417 0.006250 0.008333
0 0.490625 0.652083 0.006250 0.008333
0 0.485938 0.641667 0.006250 0.008333
0 0.507812 0.666667 0.006250 0.008333
0 0.512500 0.675000 0.006250 0.008333
0 0.510938 0.687500 0.006250 0.008333
0 0.503125 0.681250 0.006250 0.008333
0 0.490625 0.685417 0.006250 0.008333
0 0.496875 0.693750 0.006250 0.008333
0 0.498437 0.714583 0.006250 0.008333
0 0.476562 0.687500 0.006250 0.008333
0 0.479687 0.693750 0.006250 0.008333
0 0.476562 0.704167 0.006250 0.008333
0 0.493750 0.783333 0.012500 0.016667
0 0.484375 0.781250 0.012500 0.016667
0 0.454688 0.758333 0.012500 0.016667
0 0.453125 0.725000 0.006250 0.008333
0 0.451562 0.633333 0.006250 0.008333
0 0.440625 0.650000 0.006250 0.008333
0 0.440625 0.666667 0.006250 0.008333
0 0.445312 0.679167 0.006250 0.008333
0 0.425000 0.664583 0.006250 0.008333
0 0.437500 0.704167 0.006250 0.008333
0 0.428125 0.708333 0.006250 0.008333
0 0.410938 0.637500 0.006250 0.008333
0 0.393750 0.631250 0.006250 0.008333
0 0.353125 0.650000 0.006250 0.008333
0 0.335938 0.639583 0.006250 0.008333
0 0.373437 0.695833 0.006250 0.008333
0 0.359375 0.706250 0.006250 0.008333
0 0.306250 0.670833 0.006250 0.008333
0 0.301563 0.654167 0.006250 0.008333
0 0.251563 0.658333 0.006250 0.008333
0 0.101562 0.708333 0.006250 0.008333
0 0.064062 0.722917 0.006250 0.008333