0 0.600000 0.708333 0.006250 0.008333
0 0.587500 0.677083 0.006250 0.008333
0 0.596875 0.668750 0.006250 0.008333
0 0.590625 0.689583 0.006250 0.008333
0 0.604688 0.672917 0.006250 0.008333
0 0.603125 0.681250 0.006250 0.008333
0 0.595313 0.672917 0.006250 0.008333
0 0.545312 0.708333 0.006250 0.008333
0 0.537500 0.708333 0.006250 0.008333
0 0.601562 0.691667 0.006250 0.008333
0 0.534375 0.706250 0.006250 0.008333
0 0.525000 0.710417 0.006250 0.008333
0 0.529687 0.714583 0.006250 0.008333
0 0.504687 0.739583 0.006250 0.008333
0 0.606250 0.743750 0.006250 0.008333
0 0.614062 0.739583 0.006250 0.008333
0 0.621875 0.745833 0.006250 0.008333
0 0.731250 0.814583 0.012500 0.016667
0 0.732812 0.843750 0.012500 0.016667
0 0.782813 0.847917 0.012500 0.016667