0 0.779687 0.847917 0.012500 0.016667
0 0.732812 0.845833 0.012500 0.016667
0 0.731250 0.814583 0.012500 0.016667
0 0.621875 0.741667 0.006250 0.008333
0 0.612500 0.737500 0.006250 0.008333
0 0.604688 0.741667 0.006250 0.008333
0 0.620313 0.706250 0.006250 0.008333
0 0.612500 0.704167 0.006250 0.008333
0 0.601562 0.706250 0.006250 0.008333
0 0.584375 0.695833 0.006250 0.008333
0 0.578125 0.697917 0.006250 0.008333
0 0.545312 0.710417 0.006250 0.008333
0 0.535937 0.710417 0.006250 0.008333
0 0.528125 0.720833 0.006250 0.008333
0 0.526563 0.708333 0.006250 0.008333
0 0.504687 0.739583 0.006250 0.008333
0 0.550000 0.672917 0.006250 0.008333
0 0.565625 0.672917 0.006250 0.008333
0 0.557813 0.687500 0.006250 0.008333
0 0.546875 0.683333 0.006250 0.008333
0 0.557813 0.683333 0.006250 0.008333
0 0.590625 0.602083 0.006250 0.008333
0 0.607812 0.604167 0.006250 0.008333