0 0.779687 0.850000 0.012500 0.016667
0 0.731250 0.843750 0.012500 0.016667
0 0.729688 0.814583 0.012500 0.016667
0 0.621875 0.745833 0.006250 0.008333
0 0.612500 0.737500 0.006250 0.008333
0 0.604688 0.743750 0.006250 0.008333
0 0.621875 0.706250 0.006250 0.008333
0 0.612500 0.706250 0.006250 0.008333
0 0.600000 0.706250 0.006250 0.008333
0 0.603125 0.602083 0.006250 0.008333
0 0.590625 0.600000 0.006250 0.008333
0 0.584375 0.695833 0.006250 0.008333
0 0.579688 0.695833 0.006250 0.008333
0 0.578125 0.672917 0.006250 0.008333
0 0.562500 0.700000 0.006250 0.008333
0 0.559375 0.687500 0.006250 0.008333
0 0.553125 0.679167 0.006250 0.008333
0 0.565625 0.672917 0.006250 0.008333
0 0.556250 0.672917 0.006250 0.008333
0 0.543750 0.708333 0.006250 0.008333
0 0.535937 0.706250 0.006250 0.008333
0 0.542188 0.691667 0.006250 0.008333
0 0.532813 0.695833 0.006250 0.008333
0 0.525000 0.710417 0.006250 0.008333
0 0.528125 0.716667 0.006250 0.008333
0 0.504687 0.741667 0.006250 0.008333