0 0.981250 0.702083 0.006250 0.008333
0 0.931250 0.645833 0.006250 0.008333
0 0.921875 0.681250 0.006250 0.008333
0 0.912500 0.720833 0.006250 0.008333
0 0.893750 0.716667 0.006250 0.008333
0 0.914062 0.743750 0.006250 0.008333
0 0.925000 0.764583 0.012500 0.016667
0 0.965625 0.837500 0.012500 0.016667
0 0.957812 0.841667 0.012500 0.016667
0 0.921875 0.850000 0.012500 0.016667
0 0.829688 0.770833 0.012500 0.016667
0 0.815625 0.800000 0.012500 0.016667
0 0.829688 0.677083 0.006250 0.008333
0 0.803125 0.687500 0.006250 0.008333
0 0.792188 0.639583 0.006250 0.008333
0 0.743750 0.633333 0.006250 0.008333
0 0.731250 0.635417 0.006250 0.008333
0 0.748437 0.654167 0.006250 0.008333
0 0.700000 0.650000 0.006250 0.008333
0 0.715625 0.664583 0.006250 0.008333
0 0.710938 0.672917 0.006250 0.008333
0 0.696875 0.695833 0.006250 0.008333
0 0.700000 0.700000 0.006250 0.008333
0 0.696875 0.718750 0.006250 0.008333
0 0.726562 0.745833 0.006250 0.008333
0 0.656250 0.737500 0.006250 0.008333
0 0.653125 0.702083 0.006250 0.008333
0 0.640625 0.670833 0.006250 0.008333
0 0.637500 0.641667 0.006250 0.008333
0 0.614062 0.660417 0.006250 0.008333
0 0.609375 0.650000 0.006250 0.008333
0 0.581250 0.656250 0.006250 0.008333
0 0.559375 0.650000 0.006250 0.008333
0 0.557813 0.664583 0.006250 0.008333
0 0.550000 0.664583 0.006250 0.008333
0 0.539062 0.670833 0.006250 0.008333
0 0.528125 0.660417 0.006250 0.008333
0 0.518750 0.635417 0.006250 0.008333
0 0.503125 0.647917 0.006250 0.008333
0 0.496875 0.652083 0.006250 0.008333
0 0.490625 0.654167 0.006250 0.008333
0 0.506250 0.664583 0.006250 0.008333
0 0.512500 0.677083 0.006250 0.008333
0 0.510938 0.689583 0.006250 0.008333
0 0.534375 0.695833 0.006250 0.008333
0 0.623437 0.706250 0.006250 0.008333
0 0.615625 0.697917 0.006250 0.008333
0 0.610938 0.706250 0.006250 0.008333
0 0.607812 0.697917 0.006250 0.008333
0 0.596875 0.697917 0.006250 0.008333
0 0.559375 0.702083 0.006250 0.008333
0 0.551562 0.714583 0.006250 0.008333
0 0.546875 0.706250 0.006250 0.008333
0 0.534375 0.704167 0.006250 0.008333
0 0.528125 0.706250 0.006250 0.008333
0 0.518750 0.720833 0.006250 0.008333
0 0.539062 0.752083 0.012500 0.016667
0 0.585938 0.733333 0.006250 0.008333
0 0.601562 0.770833 0.012500 0.016667
0 0.632812 0.806250 0.012500 0.016667
0 0.628125 0.802083 0.012500 0.016667
0 0.631250 0.818750 0.012500 0.016667
0 0.614062 0.810417 0.012500 0.016667
0 0.485938 0.783333 0.012500 0.016667
0 0.498437 0.714583 0.006250 0.008333
0 0.493750 0.685417 0.006250 0.008333
0 0.473438 0.666667 0.006250 0.008333
0 0.476562 0.687500 0.006250 0.008333
0 0.476562 0.695833 0.006250 0.008333
0 0.451562 0.635417 0.006250 0.008333
0 0.410938 0.639583 0.006250 0.008333
0 0.445312 0.679167 0.006250 0.008333
0 0.442188 0.664583 0.006250 0.008333
0 0.432812 0.664583 0.006250 0.008333
0 0.425000 0.664583 0.006250 0.008333
0 0.434375 0.704167 0.006250 0.008333
0 0.403125 0.712500 0.006250 0.008333
0 0.389062 0.722917 0.006250 0.008333
0 0.381250 0.722917 0.006250 0.008333
0 0.343750 0.718750 0.006250 0.008333
0 0.307812 0.716667 0.006250 0.008333
0 0.351562 0.650000 0.006250 0.008333
0 0.337500 0.637500 0.006250 0.008333
0 0.307812 0.668750 0.006250 0.008333
0 0.251563 0.662500 0.006250 0.008333
0 0.101562 0.706250 0.006250 0.008333
0 0.064062 0.722917 0.006250 0.008333