0 0.985938 0.860417 0.012500 0.016667
0 0.964063 0.839583 0.012500 0.016667
0 0.918750 0.854167 0.012500 0.016667
0 0.967187 0.777083 0.012500 0.016667
0 0.959375 0.772917 0.012500 0.016667
0 0.982812 0.704167 0.006250 0.008333
0 0.934375 0.645833 0.006250 0.008333
0 0.912500 0.720833 0.006250 0.008333
0 0.892188 0.716667 0.006250 0.008333
0 0.820312 0.689583 0.006250 0.008333
0 0.804688 0.685417 0.006250 0.008333
0 0.793750 0.643750 0.006250 0.008333
0 0.815625 0.802083 0.012500 0.016667
0 0.746875 0.652083 0.006250 0.008333
0 0.745313 0.633333 0.006250 0.008333
0 0.732812 0.633333 0.006250 0.008333
0 0.714063 0.672917 0.006250 0.008333
0 0.726562 0.747917 0.006250 0.008333
0 0.696875 0.716667 0.006250 0.008333
0 0.701562 0.704167 0.006250 0.008333
0 0.698438 0.691667 0.006250 0.008333
0 0.657813 0.737500 0.006250 0.008333
0 0.631250 0.820833 0.012500 0.016667
0 0.634375 0.802083 0.012500 0.016667
0 0.628125 0.802083 0.012500 0.016667
0 0.614062 0.808333 0.012500 0.016667
0 0.651563 0.700000 0.006250 0.008333
0 0.643750 0.658333 0.006250 0.008333
0 0.610938 0.650000 0.006250 0.008333
0 0.610938 0.660417 0.006250 0.008333
0 0.623437 0.708333 0.006250 0.008333
0 0.615625 0.702083 0.006250 0.008333
0 0.610938 0.706250 0.006250 0.008333
0 0.596875 0.697917 0.006250 0.008333
0 0.584375 0.656250 0.006250 0.008333
0 0.584375 0.733333 0.006250 0.008333
0 0.560937 0.708333 0.006250 0.008333
0 0.545312 0.704167 0.006250 0.008333
0 0.540625 0.754167 0.012500 0.016667
0 0.520312 0.725000 0.006250 0.008333
0 0.528125 0.708333 0.006250 0.008333
0 0.534375 0.706250 0.006250 0.008333
0 0.534375 0.691667 0.006250 0.008333
0 0.540625 0.672917 0.006250 0.008333
0 0.550000 0.668750 0.006250 0.008333
0 0.559375 0.652083 0.006250 0.008333
0 0.526563 0.662500 0.006250 0.008333
0 0.518750 0.635417 0.006250 0.008333
0 0.501563 0.647917 0.006250 0.008333
0 0.496875 0.650000 0.006250 0.008333
0 0.490625 0.652083 0.006250 0.008333
0 0.507812 0.666667 0.006250 0.008333
0 0.512500 0.675000 0.006250 0.008333
0 0.510938 0.687500 0.006250 0.008333
0 0.492188 0.687500 0.006250 0.008333
0 0.492188 0.679167 0.006250 0.008333
0 0.487500 0.675000 0.006250 0.008333
0 0.476562 0.687500 0.006250 0.008333
0 0.476562 0.693750 0.006250 0.008333
0 0.473438 0.662500 0.006250 0.008333
0 0.451562 0.635417 0.006250 0.008333
0 0.412500 0.641667 0.006250 0.008333
0 0.440625 0.666667 0.006250 0.008333
0 0.434375 0.662500 0.006250 0.008333
0 0.421875 0.664583 0.006250 0.008333
0 0.435937 0.704167 0.006250 0.008333
0 0.412500 0.681250 0.006250 0.008333
0 0.379688 0.677083 0.006250 0.008333
0 0.373437 0.677083 0.006250 0.008333
0 0.335938 0.639583 0.006250 0.008333
0 0.306250 0.672917 0.006250 0.008333
0 0.254688 0.660417 0.006250 0.008333
0 0.484375 0.779167 0.012500 0.016667
0 0.498437 0.712500 0.006250 0.008333
0 0.456250 0.758333 0.012500 0.016667
0 0.403125 0.712500 0.006250 0.008333
0 0.390625 0.718750 0.006250 0.008333
0 0.378125 0.725000 0.006250 0.008333
0 0.343750 0.722917 0.006250 0.008333
0 0.309375 0.714583 0.006250 0.008333
0 0.307812 0.754167 0.012500 0.016667
0 0.250000 0.745833 0.006250 0.008333
0 0.237500 0.752083 0.012500 0.016667
0 0.101562 0.706250 0.006250 0.008333
0 0.062500 0.725000 0.006250 0.008333