0 0.782813 0.847917 0.012500 0.016667
0 0.731250 0.843750 0.012500 0.016667
0 0.731250 0.814583 0.012500 0.016667
0 0.623437 0.745833 0.006250 0.008333
0 0.612500 0.737500 0.006250 0.008333
0 0.604688 0.745833 0.006250 0.008333
0 0.620313 0.708333 0.006250 0.008333
0 0.612500 0.710417 0.006250 0.008333
0 0.600000 0.708333 0.006250 0.008333
0 0.595313 0.691667 0.006250 0.008333
0 0.587500 0.693750 0.006250 0.008333
0 0.582812 0.697917 0.006250 0.008333
0 0.579688 0.691667 0.006250 0.008333
0 0.573438 0.668750 0.006250 0.008333
0 0.568750 0.666667 0.006250 0.008333
0 0.565625 0.677083 0.006250 0.008333
0 0.560937 0.654167 0.006250 0.008333
0 0.573438 0.666667 0.006250 0.008333
0 0.565625 0.664583 0.006250 0.008333
0 0.554688 0.672917 0.006250 0.008333
0 0.575000 0.683333 0.006250 0.008333
0 0.545312 0.708333 0.006250 0.008333
0 0.539062 0.710417 0.006250 0.008333
0 0.529687 0.718750 0.006250 0.008333
0 0.531250 0.708333 0.006250 0.008333
0 0.523438 0.710417 0.006250 0.008333
0 0.504687 0.737500 0.006250 0.008333