0 0.356250 0.693750 0.006250 0.008333
0 0.362500 0.695833 0.006250 0.008333
0 0.370312 0.687500 0.006250 0.008333
0 0.378125 0.697917 0.006250 0.008333
0 0.375000 0.685417 0.006250 0.008333
0 0.360938 0.693750 0.006250 0.008333
0 0.378125 0.693750 0.006250 0.008333
0 0.357812 0.710417 0.006250 0.008333
0 0.375000 0.704167 0.006250 0.008333
0 0.781250 0.847917 0.012500 0.016667
0 0.732812 0.843750 0.012500 0.016667
0 0.731250 0.812500 0.012500 0.016667
0 0.698438 0.718750 0.006250 0.008333
0 0.621875 0.743750 0.006250 0.008333
0 0.617188 0.739583 0.006250 0.008333
0 0.612500 0.743750 0.006250 0.008333
0 0.604688 0.743750 0.006250 0.008333
0 0.600000 0.706250 0.006250 0.008333
0 0.612500 0.710417 0.006250 0.008333
0 0.620313 0.704167 0.006250 0.008333
0 0.628125 0.695833 0.006250 0.008333
0 0.629687 0.687500 0.006250 0.008333
0 0.642188 0.668750 0.006250 0.008333
0 0.656250 0.681250 0.006250 0.008333
0 0.609375 0.652083 0.006250 0.008333
0 0.578125 0.672917 0.006250 0.008333
0 0.578125 0.693750 0.006250 0.008333
0 0.584375 0.695833 0.006250 0.008333
0 0.540625 0.706250 0.006250 0.008333
0 0.534375 0.712500 0.006250 0.008333
0 0.529687 0.710417 0.006250 0.008333
0 0.517188 0.695833 0.006250 0.008333
0 0.523438 0.693750 0.006250 0.008333
0 0.534375 0.695833 0.006250 0.008333
0 0.542188 0.689583 0.006250 0.008333
0 0.548438 0.693750 0.006250 0.008333
0 0.504687 0.735417 0.006250 0.008333
0 0.468750 0.710417 0.006250 0.008333
0 0.457813 0.710417 0.006250 0.008333