0 0.965625 0.837500 0.012500 0.016667
0 0.956250 0.841667 0.012500 0.016667
0 0.928125 0.766667 0.012500 0.016667
0 0.918750 0.852083 0.012500 0.016667
0 0.845313 0.814583 0.012500 0.016667
0 0.831250 0.770833 0.012500 0.016667
0 0.831250 0.735417 0.006250 0.008333
0 0.828125 0.677083 0.006250 0.008333
0 0.801562 0.689583 0.006250 0.008333
0 0.792188 0.641667 0.006250 0.008333
0 0.742188 0.633333 0.006250 0.008333
0 0.729688 0.635417 0.006250 0.008333
0 0.759375 0.654167 0.006250 0.008333
0 0.746875 0.652083 0.006250 0.008333
0 0.704688 0.645833 0.006250 0.008333
0 0.703125 0.650000 0.006250 0.008333
0 0.715625 0.664583 0.006250 0.008333
0 0.687500 0.658333 0.006250 0.008333
0 0.696875 0.691667 0.006250 0.008333
0 0.696875 0.718750 0.006250 0.008333
0 0.725000 0.747917 0.006250 0.008333
0 0.657813 0.741667 0.006250 0.008333
0 0.635938 0.639583 0.006250 0.008333
0 0.642188 0.670833 0.006250 0.008333
0 0.609375 0.633333 0.006250 0.008333
0 0.607812 0.652083 0.006250 0.008333
0 0.612500 0.662500 0.006250 0.008333
0 0.587500 0.643750 0.006250 0.008333
0 0.582812 0.656250 0.006250 0.008333
0 0.564063 0.660417 0.006250 0.008333
0 0.560937 0.650000 0.006250 0.008333
0 0.623437 0.706250 0.006250 0.008333
0 0.610938 0.710417 0.006250 0.008333
0 0.606250 0.697917 0.006250 0.008333
0 0.601562 0.691667 0.006250 0.008333
0 0.590625 0.697917 0.006250 0.008333
0 0.582812 0.697917 0.006250 0.008333
0 0.585938 0.737500 0.006250 0.008333
0 0.640625 0.825000 0.012500 0.016667
0 0.632812 0.806250 0.012500 0.016667
0 0.628125 0.802083 0.012500 0.016667
0 0.615625 0.808333 0.012500 0.016667
0 0.573438 0.833333 0.012500 0.016667
0 0.550000 0.779167 0.012500 0.016667
0 0.540625 0.752083 0.012500 0.016667
0 0.562500 0.714583 0.006250 0.008333
0 0.553125 0.700000 0.006250 0.008333
0 0.548438 0.700000 0.006250 0.008333
0 0.539062 0.668750 0.006250 0.008333
0 0.540625 0.681250 0.006250 0.008333
0 0.542188 0.697917 0.006250 0.008333
0 0.532813 0.693750 0.006250 0.008333
0 0.534375 0.708333 0.006250 0.008333
0 0.529687 0.712500 0.006250 0.008333
0 0.518750 0.722917 0.006250 0.008333
0 0.510938 0.718750 0.006250 0.008333
0 0.515625 0.635417 0.006250 0.008333
0 0.521875 0.660417 0.006250 0.008333
0 0.501563 0.645833 0.006250 0.008333
0 0.496875 0.647917 0.006250 0.008333
0 0.490625 0.652083 0.006250 0.008333
0 0.507812 0.662500 0.006250 0.008333
0 0.506250 0.666667 0.006250 0.008333
0 0.512500 0.675000 0.006250 0.008333
0 0.512500 0.687500 0.006250 0.008333
0 0.507812 0.689583 0.006250 0.008333
0 0.501563 0.681250 0.006250 0.008333
0 0.492188 0.687500 0.006250 0.008333
0 0.495312 0.697917 0.006250 0.008333
0 0.496875 0.712500 0.006250 0.008333
0 0.478125 0.687500 0.006250 0.008333
0 0.478125 0.693750 0.006250 0.008333
0 0.475000 0.700000 0.006250 0.008333
0 0.479687 0.664583 0.006250 0.008333
0 0.471875 0.656250 0.006250 0.008333
0 0.493750 0.787500 0.012500 0.016667
0 0.485938 0.781250 0.012500 0.016667
0 0.453125 0.758333 0.012500 0.016667
0 0.453125 0.725000 0.006250 0.008333
0 0.435937 0.704167 0.006250 0.008333
0 0.421875 0.708333 0.006250 0.008333
0 0.445312 0.679167 0.006250 0.008333
0 0.440625 0.666667 0.006250 0.008333
0 0.453125 0.631250 0.006250 0.008333
0 0.442188 0.647917 0.006250 0.008333
0 0.412500 0.639583 0.006250 0.008333
0 0.421875 0.662500 0.006250 0.008333
0 0.423438 0.677083 0.006250 0.008333
0 0.389062 0.645833 0.006250 0.008333
0 0.371875 0.700000 0.006250 0.008333
0 0.357812 0.708333 0.006250 0.008333
0 0.351562 0.654167 0.006250 0.008333
0 0.335938 0.641667 0.006250 0.008333
0 0.301563 0.658333 0.006250 0.008333
0 0.306250 0.670833 0.006250 0.008333
0 0.251563 0.662500 0.006250 0.008333
0 0.100000 0.706250 0.006250 0.008333
0 0.065625 0.722917 0.006250 0.008333