0 0.984375 0.702083 0.006250 0.008333
0 0.934375 0.645833 0.006250 0.008333
0 0.920312 0.681250 0.006250 0.008333
0 0.926562 0.766667 0.012500 0.016667
0 0.964063 0.837500 0.012500 0.016667
0 0.957812 0.841667 0.012500 0.016667
0 0.918750 0.852083 0.012500 0.016667
0 0.829688 0.768750 0.012500 0.016667
0 0.815625 0.804167 0.012500 0.016667
0 0.829688 0.675000 0.006250 0.008333
0 0.801562 0.685417 0.006250 0.008333
0 0.792188 0.637500 0.006250 0.008333
0 0.743750 0.635417 0.006250 0.008333
0 0.731250 0.633333 0.006250 0.008333
0 0.748437 0.654167 0.006250 0.008333
0 0.701562 0.652083 0.006250 0.008333
0 0.715625 0.666667 0.006250 0.008333
0 0.712500 0.672917 0.006250 0.008333
0 0.726562 0.745833 0.006250 0.008333
0 0.695312 0.693750 0.006250 0.008333
0 0.703125 0.702083 0.006250 0.008333
0 0.695312 0.718750 0.006250 0.008333
0 0.657813 0.739583 0.006250 0.008333
0 0.648438 0.700000 0.006250 0.008333
0 0.640625 0.670833 0.006250 0.008333
0 0.635938 0.639583 0.006250 0.008333
0 0.607812 0.652083 0.006250 0.008333
0 0.614062 0.658333 0.006250 0.008333
0 0.584375 0.658333 0.006250 0.008333
0 0.565625 0.660417 0.006250 0.008333
0 0.559375 0.647917 0.006250 0.008333
0 0.623437 0.706250 0.006250 0.008333
0 0.612500 0.708333 0.006250 0.008333
0 0.614062 0.697917 0.006250 0.008333
0 0.606250 0.700000 0.006250 0.008333
0 0.595313 0.697917 0.006250 0.008333
0 0.585938 0.733333 0.006250 0.008333
0 0.632812 0.820833 0.012500 0.016667
0 0.632812 0.806250 0.012500 0.016667
0 0.628125 0.802083 0.012500 0.016667
0 0.615625 0.806250 0.012500 0.016667
0 0.550000 0.779167 0.012500 0.016667
0 0.540625 0.750000 0.012500 0.016667
0 0.564063 0.700000 0.006250 0.008333
0 0.551562 0.702083 0.006250 0.008333
0 0.550000 0.710417 0.006250 0.008333
0 0.545312 0.706250 0.006250 0.008333
0 0.539062 0.708333 0.006250 0.008333
0 0.534375 0.697917 0.006250 0.008333
0 0.531250 0.706250 0.006250 0.008333
0 0.525000 0.710417 0.006250 0.008333
0 0.520312 0.720833 0.006250 0.008333
0 0.496875 0.714583 0.006250 0.008333
0 0.484375 0.779167 0.012500 0.016667
0 0.454688 0.756250 0.012500 0.016667
0 0.509375 0.685417 0.006250 0.008333
0 0.539062 0.670833 0.006250 0.008333
0 0.528125 0.658333 0.006250 0.008333
0 0.523438 0.660417 0.006250 0.008333
0 0.518750 0.633333 0.006250 0.008333
0 0.512500 0.675000 0.006250 0.008333
0 0.509375 0.666667 0.006250 0.008333
0 0.501563 0.650000 0.006250 0.008333
0 0.496875 0.650000 0.006250 0.008333
0 0.490625 0.654167 0.006250 0.008333
0 0.493750 0.685417 0.006250 0.008333
0 0.476562 0.666667 0.006250 0.008333
0 0.476562 0.689583 0.006250 0.008333
0 0.476562 0.695833 0.006250 0.008333
0 0.450000 0.635417 0.006250 0.008333
0 0.410938 0.641667 0.006250 0.008333
0 0.443750 0.679167 0.006250 0.008333
0 0.440625 0.668750 0.006250 0.008333
0 0.432812 0.662500 0.006250 0.008333
0 0.423438 0.664583 0.006250 0.008333
0 0.435937 0.702083 0.006250 0.008333
0 0.403125 0.712500 0.006250 0.008333
0 0.389062 0.718750 0.006250 0.008333
0 0.378125 0.722917 0.006250 0.008333
0 0.346875 0.720833 0.006250 0.008333
0 0.310937 0.718750 0.006250 0.008333
0 0.351562 0.652083 0.006250 0.008333
0 0.335938 0.641667 0.006250 0.008333
0 0.307812 0.670833 0.006250 0.008333
0 0.253125 0.662500 0.006250 0.008333
0 0.100000 0.706250 0.006250 0.008333
0 0.062500 0.725000 0.006250 0.008333