0 0.782813 0.847917 0.012500 0.016667
0 0.732812 0.843750 0.012500 0.016667
0 0.729688 0.814583 0.012500 0.016667
0 0.621875 0.743750 0.006250 0.008333
0 0.618750 0.737500 0.006250 0.008333
0 0.614062 0.743750 0.006250 0.008333
0 0.606250 0.743750 0.006250 0.008333
0 0.620313 0.706250 0.006250 0.008333
0 0.612500 0.710417 0.006250 0.008333
0 0.600000 0.706250 0.006250 0.008333
0 0.545312 0.710417 0.006250 0.008333
0 0.537500 0.706250 0.006250 0.008333
0 0.532813 0.706250 0.006250 0.008333
0 0.525000 0.710417 0.006250 0.008333
0 0.529687 0.714583 0.006250 0.008333
0 0.503125 0.737500 0.006250 0.008333
0 0.584375 0.693750 0.006250 0.008333
0 0.593750 0.679167 0.006250 0.008333
0 0.585938 0.677083 0.006250 0.008333
0 0.590625 0.687500 0.006250 0.008333
0 0.581250 0.687500 0.006250 0.008333
0 0.598437 0.685417 0.006250 0.008333
0 0.598437 0.668750 0.006250 0.008333
0 0.593750 0.672917 0.006250 0.008333