0 0.965625 0.837500 0.012500 0.016667
0 0.957812 0.841667 0.012500 0.016667
0 0.920312 0.852083 0.012500 0.016667
0 0.928125 0.766667 0.012500 0.016667
0 0.831250 0.677083 0.006250 0.008333
0 0.804688 0.685417 0.006250 0.008333
0 0.767188 0.668750 0.006250 0.008333
0 0.757812 0.654167 0.006250 0.008333
0 0.746875 0.654167 0.006250 0.008333
0 0.706250 0.645833 0.006250 0.008333
0 0.701562 0.654167 0.006250 0.008333
0 0.715625 0.664583 0.006250 0.008333
0 0.687500 0.654167 0.006250 0.008333
0 0.698438 0.693750 0.006250 0.008333
0 0.698438 0.718750 0.006250 0.008333
0 0.725000 0.747917 0.006250 0.008333
0 0.831250 0.768750 0.012500 0.016667
0 0.843750 0.814583 0.012500 0.016667
0 0.635938 0.639583 0.006250 0.008333
0 0.642188 0.675000 0.006250 0.008333
0 0.656250 0.741667 0.006250 0.008333
0 0.643750 0.827083 0.012500 0.016667
0 0.632812 0.804167 0.012500 0.016667
0 0.628125 0.802083 0.012500 0.016667
0 0.615625 0.808333 0.012500 0.016667
0 0.571875 0.829167 0.012500 0.016667
0 0.625000 0.735417 0.006250 0.008333
0 0.623437 0.704167 0.006250 0.008333
0 0.615625 0.660417 0.006250 0.008333
0 0.609375 0.633333 0.006250 0.008333
0 0.609375 0.654167 0.006250 0.008333
0 0.589063 0.643750 0.006250 0.008333
0 0.581250 0.654167 0.006250 0.008333
0 0.567187 0.662500 0.006250 0.008333
0 0.560937 0.650000 0.006250 0.008333
0 0.554688 0.639583 0.006250 0.008333
0 0.551562 0.637500 0.006250 0.008333
0 0.518750 0.637500 0.006250 0.008333
0 0.520312 0.662500 0.006250 0.008333
0 0.539062 0.668750 0.006250 0.008333
0 0.542188 0.677083 0.006250 0.008333
0 0.612500 0.706250 0.006250 0.008333
0 0.606250 0.697917 0.006250 0.008333
0 0.604688 0.693750 0.006250 0.008333
0 0.592187 0.697917 0.006250 0.008333
0 0.582812 0.693750 0.006250 0.008333
0 0.584375 0.735417 0.006250 0.008333
0 0.560937 0.714583 0.006250 0.008333
0 0.553125 0.700000 0.006250 0.008333
0 0.546875 0.700000 0.006250 0.008333
0 0.540625 0.695833 0.006250 0.008333
0 0.534375 0.693750 0.006250 0.008333
0 0.534375 0.706250 0.006250 0.008333
0 0.531250 0.710417 0.006250 0.008333
0 0.548438 0.777083 0.012500 0.016667
0 0.537500 0.750000 0.012500 0.016667
0 0.521875 0.722917 0.006250 0.008333
0 0.493750 0.635417 0.006250 0.008333
0 0.503125 0.645833 0.006250 0.008333
0 0.496875 0.650000 0.006250 0.008333
0 0.492188 0.650000 0.006250 0.008333
0 0.496875 0.660417 0.006250 0.008333
0 0.507812 0.666667 0.006250 0.008333
0 0.512500 0.675000 0.006250 0.008333
0 0.510938 0.691667 0.006250 0.008333
0 0.501563 0.681250 0.006250 0.008333
0 0.492188 0.685417 0.006250 0.008333
0 0.496875 0.695833 0.006250 0.008333
0 0.498437 0.716667 0.006250 0.008333
0 0.510938 0.718750 0.006250 0.008333
0 0.493750 0.785417 0.012500 0.016667
0 0.485938 0.777083 0.012500 0.016667
0 0.476562 0.685417 0.006250 0.008333
0 0.476562 0.691667 0.006250 0.008333
0 0.478125 0.702083 0.006250 0.008333
0 0.453125 0.633333 0.006250 0.008333
0 0.440625 0.650000 0.006250 0.008333
0 0.440625 0.666667 0.006250 0.008333
0 0.445312 0.679167 0.006250 0.008333
0 0.437500 0.702083 0.006250 0.008333
0 0.428125 0.706250 0.006250 0.008333
0 0.453125 0.722917 0.006250 0.008333
0 0.456250 0.760417 0.012500 0.016667
0 0.421875 0.664583 0.006250 0.008333
0 0.410938 0.639583 0.006250 0.008333
0 0.389062 0.635417 0.006250 0.008333
0 0.353125 0.650000 0.006250 0.008333
0 0.337500 0.637500 0.006250 0.008333
0 0.300000 0.656250 0.006250 0.008333
0 0.307812 0.670833 0.006250 0.008333
0 0.375000 0.695833 0.006250 0.008333
0 0.357812 0.708333 0.006250 0.008333
0 0.100000 0.706250 0.006250 0.008333
0 0.062500 0.725000 0.006250 0.008333