0 0.987500 0.862500 0.012500 0.016667
0 0.965625 0.839583 0.012500 0.016667
0 0.918750 0.852083 0.012500 0.016667
0 0.971875 0.779167 0.012500 0.016667
0 0.959375 0.777083 0.012500 0.016667
0 0.981250 0.704167 0.006250 0.008333
0 0.934375 0.645833 0.006250 0.008333
0 0.912500 0.722917 0.006250 0.008333
0 0.892188 0.714583 0.006250 0.008333
0 0.814063 0.804167 0.012500 0.016667
0 0.823438 0.685417 0.006250 0.008333
0 0.803125 0.687500 0.006250 0.008333
0 0.792188 0.641667 0.006250 0.008333
0 0.745313 0.631250 0.006250 0.008333
0 0.731250 0.633333 0.006250 0.008333
0 0.745313 0.654167 0.006250 0.008333
0 0.710938 0.664583 0.006250 0.008333
0 0.714063 0.672917 0.006250 0.008333
0 0.726562 0.750000 0.012500 0.016667
0 0.695312 0.693750 0.006250 0.008333
0 0.701562 0.700000 0.006250 0.008333
0 0.698438 0.716667 0.006250 0.008333
0 0.656250 0.737500 0.006250 0.008333
0 0.653125 0.704167 0.006250 0.008333
0 0.642188 0.670833 0.006250 0.008333
0 0.643750 0.658333 0.006250 0.008333
0 0.615625 0.662500 0.006250 0.008333
0 0.609375 0.652083 0.006250 0.008333
0 0.623437 0.704167 0.006250 0.008333
0 0.617188 0.702083 0.006250 0.008333
0 0.612500 0.706250 0.006250 0.008333
0 0.632812 0.806250 0.012500 0.016667
0 0.631250 0.820833 0.012500 0.016667
0 0.626563 0.800000 0.012500 0.016667
0 0.617188 0.804167 0.012500 0.016667
0 0.584375 0.735417 0.006250 0.008333
0 0.596875 0.697917 0.006250 0.008333
0 0.581250 0.656250 0.006250 0.008333
0 0.578125 0.702083 0.006250 0.008333
0 0.562500 0.708333 0.006250 0.008333
0 0.562500 0.712500 0.006250 0.008333
0 0.539062 0.752083 0.012500 0.016667
0 0.548438 0.704167 0.006250 0.008333
0 0.521875 0.722917 0.006250 0.008333
0 0.484375 0.779167 0.012500 0.016667
0 0.456250 0.758333 0.012500 0.016667
0 0.532813 0.708333 0.006250 0.008333
0 0.528125 0.710417 0.006250 0.008333
0 0.534375 0.693750 0.006250 0.008333
0 0.560937 0.650000 0.006250 0.008333
0 0.550000 0.668750 0.006250 0.008333
0 0.540625 0.668750 0.006250 0.008333
0 0.526563 0.662500 0.006250 0.008333
0 0.517188 0.635417 0.006250 0.008333
0 0.501563 0.645833 0.006250 0.008333
0 0.496875 0.647917 0.006250 0.008333
0 0.490625 0.650000 0.006250 0.008333
0 0.507812 0.664583 0.006250 0.008333
0 0.510938 0.677083 0.006250 0.008333
0 0.510938 0.687500 0.006250 0.008333
0 0.493750 0.687500 0.006250 0.008333
0 0.476562 0.687500 0.006250 0.008333
0 0.476562 0.693750 0.006250 0.008333
0 0.473438 0.664583 0.006250 0.008333
0 0.450000 0.635417 0.006250 0.008333
0 0.414062 0.639583 0.006250 0.008333
0 0.446875 0.675000 0.006250 0.008333
0 0.440625 0.662500 0.006250 0.008333
0 0.429688 0.662500 0.006250 0.008333
0 0.423438 0.662500 0.006250 0.008333
0 0.437500 0.704167 0.006250 0.008333
0 0.404687 0.712500 0.006250 0.008333
0 0.387500 0.720833 0.006250 0.008333
0 0.379688 0.725000 0.006250 0.008333
0 0.353125 0.650000 0.006250 0.008333
0 0.337500 0.641667 0.006250 0.008333
0 0.307812 0.670833 0.006250 0.008333
0 0.345313 0.720833 0.006250 0.008333
0 0.350000 0.741667 0.006250 0.008333
0 0.309375 0.716667 0.006250 0.008333
0 0.306250 0.756250 0.012500 0.016667
0 0.100000 0.708333 0.006250 0.008333
0 0.062500 0.722917 0.006250 0.008333