0 0.985938 0.862500 0.012500 0.016667
0 0.964063 0.839583 0.012500 0.016667
0 0.918750 0.852083 0.012500 0.016667
0 0.970313 0.781250 0.012500 0.016667
0 0.959375 0.775000 0.012500 0.016667
0 0.981250 0.704167 0.006250 0.008333
0 0.932813 0.647917 0.006250 0.008333
0 0.912500 0.720833 0.006250 0.008333
0 0.893750 0.716667 0.006250 0.008333
0 0.823438 0.687500 0.006250 0.008333
0 0.790625 0.641667 0.006250 0.008333
0 0.803125 0.685417 0.006250 0.008333
0 0.815625 0.804167 0.012500 0.016667
0 0.746875 0.650000 0.006250 0.008333
0 0.743750 0.635417 0.006250 0.008333
0 0.731250 0.635417 0.006250 0.008333
0 0.715625 0.672917 0.006250 0.008333
0 0.726562 0.747917 0.006250 0.008333
0 0.698438 0.716667 0.006250 0.008333
0 0.701562 0.702083 0.006250 0.008333
0 0.696875 0.693750 0.006250 0.008333
0 0.656250 0.741667 0.006250 0.008333
0 0.632812 0.820833 0.012500 0.016667
0 0.632812 0.806250 0.012500 0.016667
0 0.628125 0.800000 0.012500 0.016667
0 0.617188 0.808333 0.012500 0.016667
0 0.653125 0.700000 0.006250 0.008333
0 0.643750 0.660417 0.006250 0.008333
0 0.609375 0.654167 0.006250 0.008333
0 0.612500 0.660417 0.006250 0.008333
0 0.623437 0.704167 0.006250 0.008333
0 0.617188 0.702083 0.006250 0.008333
0 0.610938 0.708333 0.006250 0.008333
0 0.596875 0.695833 0.006250 0.008333
0 0.584375 0.656250 0.006250 0.008333
0 0.559375 0.650000 0.006250 0.008333
0 0.550000 0.666667 0.006250 0.008333
0 0.540625 0.670833 0.006250 0.008333
0 0.526563 0.658333 0.006250 0.008333
0 0.517188 0.635417 0.006250 0.008333
0 0.564063 0.708333 0.006250 0.008333
0 0.560937 0.712500 0.006250 0.008333
0 0.559375 0.733333 0.006250 0.008333
0 0.539062 0.754167 0.012500 0.016667
0 0.546875 0.708333 0.006250 0.008333
0 0.535937 0.695833 0.006250 0.008333
0 0.532813 0.706250 0.006250 0.008333
0 0.528125 0.706250 0.006250 0.008333
0 0.520312 0.722917 0.006250 0.008333
0 0.498437 0.716667 0.006250 0.008333
0 0.484375 0.779167 0.012500 0.016667
0 0.456250 0.756250 0.012500 0.016667
0 0.510938 0.685417 0.006250 0.008333
0 0.507812 0.693750 0.006250 0.008333
0 0.507812 0.668750 0.006250 0.008333
0 0.503125 0.645833 0.006250 0.008333
0 0.496875 0.652083 0.006250 0.008333
0 0.492188 0.647917 0.006250 0.008333
0 0.489063 0.675000 0.006250 0.008333
0 0.492188 0.685417 0.006250 0.008333
0 0.476562 0.687500 0.006250 0.008333
0 0.476562 0.695833 0.006250 0.008333
0 0.475000 0.664583 0.006250 0.008333
0 0.450000 0.633333 0.006250 0.008333
0 0.410938 0.641667 0.006250 0.008333
0 0.439063 0.668750 0.006250 0.008333
0 0.431250 0.660417 0.006250 0.008333
0 0.421875 0.664583 0.006250 0.008333
0 0.435937 0.704167 0.006250 0.008333
0 0.403125 0.712500 0.006250 0.008333
0 0.390625 0.718750 0.006250 0.008333
0 0.379688 0.725000 0.006250 0.008333
0 0.378125 0.675000 0.006250 0.008333
0 0.371875 0.677083 0.006250 0.008333
0 0.351562 0.652083 0.006250 0.008333
0 0.337500 0.641667 0.006250 0.008333
0 0.306250 0.672917 0.006250 0.008333
0 0.343750 0.722917 0.006250 0.008333
0 0.310937 0.716667 0.006250 0.008333
0 0.304688 0.756250 0.012500 0.016667
0 0.251563 0.745833 0.006250 0.008333
0 0.235937 0.758333 0.012500 0.016667
0 0.253125 0.662500 0.006250 0.008333
0 0.100000 0.706250 0.006250 0.008333
0 0.064062 0.722917 0.006250 0.008333