0 0.965625 0.837500 0.012500 0.016667
0 0.957812 0.839583 0.012500 0.016667
0 0.926562 0.764583 0.012500 0.016667
0 0.918750 0.852083 0.012500 0.016667
0 0.831250 0.679167 0.006250 0.008333
0 0.804688 0.687500 0.006250 0.008333
0 0.829688 0.768750 0.012500 0.016667
0 0.842187 0.814583 0.012500 0.016667
0 0.757812 0.654167 0.006250 0.008333
0 0.746875 0.652083 0.006250 0.008333
0 0.757812 0.693750 0.006250 0.008333
0 0.765625 0.714583 0.006250 0.008333
0 0.703125 0.650000 0.006250 0.008333
0 0.712500 0.664583 0.006250 0.008333
0 0.687500 0.656250 0.006250 0.008333
0 0.696875 0.693750 0.006250 0.008333
0 0.698438 0.718750 0.006250 0.008333
0 0.726562 0.747917 0.006250 0.008333
0 0.656250 0.737500 0.006250 0.008333
0 0.637500 0.641667 0.006250 0.008333
0 0.640625 0.670833 0.006250 0.008333
0 0.610938 0.633333 0.006250 0.008333
0 0.581250 0.633333 0.006250 0.008333
0 0.562500 0.633333 0.006250 0.008333
0 0.589063 0.643750 0.006250 0.008333
0 0.607812 0.650000 0.006250 0.008333
0 0.614062 0.658333 0.006250 0.008333
0 0.582812 0.656250 0.006250 0.008333
0 0.565625 0.660417 0.006250 0.008333
0 0.560937 0.650000 0.006250 0.008333
0 0.603125 0.681250 0.006250 0.008333
0 0.623437 0.708333 0.006250 0.008333
0 0.610938 0.710417 0.006250 0.008333
0 0.606250 0.700000 0.006250 0.008333
0 0.603125 0.691667 0.006250 0.008333
0 0.590625 0.695833 0.006250 0.008333
0 0.582812 0.697917 0.006250 0.008333
0 0.585938 0.733333 0.006250 0.008333
0 0.570312 0.737500 0.006250 0.008333
0 0.642188 0.827083 0.012500 0.016667
0 0.634375 0.806250 0.012500 0.016667
0 0.629687 0.802083 0.012500 0.016667
0 0.615625 0.806250 0.012500 0.016667
0 0.573438 0.831250 0.012500 0.016667
0 0.518750 0.633333 0.006250 0.008333
0 0.493750 0.635417 0.006250 0.008333
0 0.501563 0.647917 0.006250 0.008333
0 0.498437 0.650000 0.006250 0.008333
0 0.492188 0.654167 0.006250 0.008333
0 0.496875 0.660417 0.006250 0.008333
0 0.521875 0.662500 0.006250 0.008333
0 0.506250 0.664583 0.006250 0.008333
0 0.539062 0.668750 0.006250 0.008333
0 0.542188 0.679167 0.006250 0.008333
0 0.560937 0.714583 0.006250 0.008333
0 0.554688 0.702083 0.006250 0.008333
0 0.550000 0.700000 0.006250 0.008333
0 0.540625 0.693750 0.006250 0.008333
0 0.531250 0.697917 0.006250 0.008333
0 0.532813 0.706250 0.006250 0.008333
0 0.528125 0.708333 0.006250 0.008333
0 0.520312 0.720833 0.006250 0.008333
0 0.537500 0.752083 0.012500 0.016667
0 0.550000 0.779167 0.012500 0.016667
0 0.510938 0.720833 0.006250 0.008333
0 0.509375 0.687500 0.006250 0.008333
0 0.514062 0.675000 0.006250 0.008333
0 0.501563 0.683333 0.006250 0.008333
0 0.492188 0.685417 0.006250 0.008333
0 0.495312 0.695833 0.006250 0.008333
0 0.498437 0.714583 0.006250 0.008333
0 0.475000 0.687500 0.006250 0.008333
0 0.478125 0.693750 0.006250 0.008333
0 0.476562 0.704167 0.006250 0.008333
0 0.492188 0.785417 0.012500 0.016667
0 0.484375 0.781250 0.012500 0.016667
0 0.454688 0.760417 0.012500 0.016667
0 0.453125 0.725000 0.006250 0.008333
0 0.451562 0.633333 0.006250 0.008333
0 0.439063 0.650000 0.006250 0.008333
0 0.440625 0.666667 0.006250 0.008333
0 0.445312 0.679167 0.006250 0.008333
0 0.435937 0.704167 0.006250 0.008333
0 0.428125 0.706250 0.006250 0.008333
0 0.423438 0.662500 0.006250 0.008333
0 0.410938 0.641667 0.006250 0.008333
0 0.390625 0.633333 0.006250 0.008333
0 0.339062 0.641667 0.006250 0.008333
0 0.351562 0.654167 0.006250 0.008333
0 0.378125 0.700000 0.006250 0.008333
0 0.359375 0.710417 0.006250 0.008333
0 0.300000 0.656250 0.006250 0.008333
0 0.306250 0.670833 0.006250 0.008333
0 0.304688 0.685417 0.006250 0.008333
0 0.101562 0.706250 0.006250 0.008333
0 0.064062 0.725000 0.006250 0.008333