0 0.973437 0.939583 0.012500 0.016667
0 0.921875 0.733333 0.006250 0.008333
0 0.829688 0.677083 0.006250 0.008333
0 0.804688 0.687500 0.006250 0.008333
0 0.757812 0.652083 0.006250 0.008333
0 0.746875 0.652083 0.006250 0.008333
0 0.715625 0.664583 0.006250 0.008333
0 0.701562 0.654167 0.006250 0.008333
0 0.689063 0.658333 0.006250 0.008333
0 0.762500 0.702083 0.006250 0.008333
0 0.829688 0.768750 0.012500 0.016667
0 0.928125 0.766667 0.012500 0.016667
0 0.965625 0.837500 0.012500 0.016667
0 0.957812 0.841667 0.012500 0.016667
0 0.946875 0.852083 0.012500 0.016667
0 0.923438 0.854167 0.012500 0.016667
0 0.895312 0.825000 0.012500 0.016667
0 0.821875 0.875000 0.012500 0.016667
0 0.781250 0.850000 0.012500 0.016667
0 0.726562 0.745833 0.006250 0.008333
0 0.696875 0.716667 0.006250 0.008333
0 0.679688 0.743750 0.006250 0.008333
0 0.650000 0.743750 0.006250 0.008333
0 0.631250 0.766667 0.012500 0.016667
0 0.618750 0.735417 0.006250 0.008333
0 0.621875 0.704167 0.006250 0.008333
0 0.642188 0.672917 0.006250 0.008333
0 0.612500 0.660417 0.006250 0.008333
0 0.607812 0.650000 0.006250 0.008333
0 0.610938 0.708333 0.006250 0.008333
0 0.607812 0.700000 0.006250 0.008333
0 0.603125 0.691667 0.006250 0.008333
0 0.578125 0.829167 0.012500 0.016667
0 0.520312 0.658333 0.006250 0.008333
0 0.528125 0.666667 0.006250 0.008333
0 0.531250 0.670833 0.006250 0.008333
0 0.542188 0.679167 0.006250 0.008333
0 0.550000 0.702083 0.006250 0.008333
0 0.540625 0.693750 0.006250 0.008333
0 0.532813 0.691667 0.006250 0.008333
0 0.531250 0.702083 0.006250 0.008333
0 0.540625 0.708333 0.006250 0.008333
0 0.535937 0.710417 0.006250 0.008333
0 0.525000 0.706250 0.006250 0.008333
0 0.520312 0.725000 0.006250 0.008333
0 0.539062 0.754167 0.012500 0.016667
0 0.512500 0.770833 0.012500 0.016667
0 0.484375 0.777083 0.012500 0.016667
0 0.465625 0.785417 0.012500 0.016667
0 0.456250 0.756250 0.012500 0.016667
0 0.512500 0.675000 0.006250 0.008333
0 0.503125 0.645833 0.006250 0.008333
0 0.495312 0.650000 0.006250 0.008333
0 0.490625 0.652083 0.006250 0.008333
0 0.495312 0.658333 0.006250 0.008333
0 0.503125 0.679167 0.006250 0.008333
0 0.512500 0.687500 0.006250 0.008333
0 0.493750 0.683333 0.006250 0.008333
0 0.475000 0.689583 0.006250 0.008333
0 0.495312 0.695833 0.006250 0.008333
0 0.507812 0.706250 0.006250 0.008333
0 0.496875 0.714583 0.006250 0.008333
0 0.475000 0.720833 0.006250 0.008333
0 0.453125 0.725000 0.006250 0.008333
0 0.450000 0.720833 0.006250 0.008333
0 0.439063 0.650000 0.006250 0.008333
0 0.437500 0.654167 0.006250 0.008333
0 0.442188 0.666667 0.006250 0.008333
0 0.445312 0.679167 0.006250 0.008333
0 0.425000 0.664583 0.006250 0.008333
0 0.439063 0.706250 0.006250 0.008333
0 0.428125 0.708333 0.006250 0.008333
0 0.429688 0.743750 0.006250 0.008333
0 0.409375 0.770833 0.012500 0.016667
0 0.393750 0.793750 0.012500 0.016667
0 0.371875 0.825000 0.012500 0.016667
0 0.346875 0.820833 0.012500 0.016667
0 0.359375 0.710417 0.006250 0.008333
0 0.351562 0.654167 0.006250 0.008333
0 0.307812 0.670833 0.006250 0.008333
0 0.301563 0.656250 0.006250 0.008333
0 0.275000 0.743750 0.006250 0.008333