0 0.932813 0.647917 0.006250 0.008333
0 0.981250 0.704167 0.006250 0.008333
0 0.987500 0.864583 0.012500 0.016667
0 0.965625 0.837500 0.012500 0.016667
0 0.920312 0.852083 0.012500 0.016667
0 0.971875 0.779167 0.012500 0.016667
0 0.960938 0.775000 0.012500 0.016667
0 0.912500 0.720833 0.006250 0.008333
0 0.893750 0.714583 0.006250 0.008333
0 0.820312 0.687500 0.006250 0.008333
0 0.804688 0.687500 0.006250 0.008333
0 0.790625 0.639583 0.006250 0.008333
0 0.743750 0.633333 0.006250 0.008333
0 0.731250 0.635417 0.006250 0.008333
0 0.746875 0.650000 0.006250 0.008333
0 0.815625 0.804167 0.012500 0.016667
0 0.726562 0.745833 0.006250 0.008333
0 0.714063 0.666667 0.006250 0.008333
0 0.714063 0.672917 0.006250 0.008333
0 0.696875 0.693750 0.006250 0.008333
0 0.701562 0.704167 0.006250 0.008333
0 0.696875 0.714583 0.006250 0.008333
0 0.657813 0.739583 0.006250 0.008333
0 0.626563 0.800000 0.012500 0.016667
0 0.632812 0.806250 0.012500 0.016667
0 0.632812 0.820833 0.012500 0.016667
0 0.617188 0.808333 0.012500 0.016667
0 0.654687 0.697917 0.006250 0.008333
0 0.642188 0.670833 0.006250 0.008333
0 0.643750 0.658333 0.006250 0.008333
0 0.609375 0.647917 0.006250 0.008333
0 0.614062 0.658333 0.006250 0.008333
0 0.621875 0.706250 0.006250 0.008333
0 0.617188 0.700000 0.006250 0.008333
0 0.609375 0.706250 0.006250 0.008333
0 0.603125 0.697917 0.006250 0.008333
0 0.596875 0.697917 0.006250 0.008333
0 0.590625 0.712500 0.006250 0.008333
0 0.584375 0.735417 0.006250 0.008333
0 0.584375 0.658333 0.006250 0.008333
0 0.557813 0.650000 0.006250 0.008333
0 0.518750 0.635417 0.006250 0.008333
0 0.550000 0.664583 0.006250 0.008333
0 0.539062 0.668750 0.006250 0.008333
0 0.526563 0.660417 0.006250 0.008333
0 0.503125 0.647917 0.006250 0.008333
0 0.496875 0.647917 0.006250 0.008333
0 0.489063 0.650000 0.006250 0.008333
0 0.451562 0.635417 0.006250 0.008333
0 0.412500 0.639583 0.006250 0.008333
0 0.351562 0.650000 0.006250 0.008333
0 0.335938 0.643750 0.006250 0.008333
0 0.254688 0.662500 0.006250 0.008333
0 0.101562 0.708333 0.006250 0.008333
0 0.062500 0.727083 0.006250 0.008333
0 0.343750 0.718750 0.006250 0.008333
0 0.425000 0.662500 0.006250 0.008333
0 0.434375 0.662500 0.006250 0.008333
0 0.442188 0.666667 0.006250 0.008333
0 0.446875 0.675000 0.006250 0.008333
0 0.473438 0.666667 0.006250 0.008333
0 0.506250 0.664583 0.006250 0.008333
0 0.512500 0.677083 0.006250 0.008333
0 0.507812 0.687500 0.006250 0.008333
0 0.510938 0.689583 0.006250 0.008333
0 0.492188 0.685417 0.006250 0.008333
0 0.478125 0.685417 0.006250 0.008333
0 0.476562 0.695833 0.006250 0.008333
0 0.435937 0.704167 0.006250 0.008333
0 0.403125 0.712500 0.006250 0.008333
0 0.390625 0.720833 0.006250 0.008333
0 0.384375 0.727083 0.006250 0.008333
0 0.379688 0.725000 0.006250 0.008333
0 0.396875 0.752083 0.012500 0.016667
0 0.456250 0.756250 0.012500 0.016667
0 0.498437 0.716667 0.006250 0.008333
0 0.534375 0.693750 0.006250 0.008333
0 0.562500 0.710417 0.006250 0.008333
0 0.546875 0.704167 0.006250 0.008333
0 0.534375 0.704167 0.006250 0.008333
0 0.528125 0.708333 0.006250 0.008333
0 0.520312 0.722917 0.006250 0.008333
0 0.542188 0.750000 0.012500 0.016667
0 0.485938 0.777083 0.012500 0.016667