0 0.965625 0.837500 0.012500 0.016667
0 0.956250 0.841667 0.012500 0.016667
0 0.921875 0.854167 0.012500 0.016667
0 0.928125 0.766667 0.012500 0.016667
0 0.843750 0.814583 0.012500 0.016667
0 0.831250 0.770833 0.012500 0.016667
0 0.831250 0.677083 0.006250 0.008333
0 0.792188 0.641667 0.006250 0.008333
0 0.803125 0.687500 0.006250 0.008333
0 0.757812 0.652083 0.006250 0.008333
0 0.746875 0.652083 0.006250 0.008333
0 0.743750 0.635417 0.006250 0.008333
0 0.731250 0.633333 0.006250 0.008333
0 0.706250 0.647917 0.006250 0.008333
0 0.701562 0.650000 0.006250 0.008333
0 0.689063 0.658333 0.006250 0.008333
0 0.715625 0.664583 0.006250 0.008333
0 0.726562 0.747917 0.006250 0.008333
0 0.696875 0.718750 0.006250 0.008333
0 0.696875 0.693750 0.006250 0.008333
0 0.657813 0.739583 0.006250 0.008333
0 0.642188 0.825000 0.012500 0.016667
0 0.634375 0.806250 0.012500 0.016667
0 0.629687 0.802083 0.012500 0.016667
0 0.615625 0.806250 0.012500 0.016667
0 0.575000 0.833333 0.012500 0.016667
0 0.642188 0.672917 0.006250 0.008333
0 0.637500 0.641667 0.006250 0.008333
0 0.610938 0.635417 0.006250 0.008333
0 0.615625 0.660417 0.006250 0.008333
0 0.609375 0.650000 0.006250 0.008333
0 0.587500 0.645833 0.006250 0.008333
0 0.582812 0.656250 0.006250 0.008333
0 0.567187 0.662500 0.006250 0.008333
0 0.559375 0.650000 0.006250 0.008333
0 0.625000 0.706250 0.006250 0.008333
0 0.610938 0.708333 0.006250 0.008333
0 0.607812 0.700000 0.006250 0.008333
0 0.604688 0.693750 0.006250 0.008333
0 0.592187 0.697917 0.006250 0.008333
0 0.585938 0.697917 0.006250 0.008333
0 0.585938 0.733333 0.006250 0.008333
0 0.550000 0.777083 0.012500 0.016667
0 0.562500 0.712500 0.006250 0.008333
0 0.539062 0.668750 0.006250 0.008333
0 0.543750 0.681250 0.006250 0.008333
0 0.553125 0.702083 0.006250 0.008333
0 0.550000 0.702083 0.006250 0.008333
0 0.542188 0.697917 0.006250 0.008333
0 0.534375 0.691667 0.006250 0.008333
0 0.534375 0.704167 0.006250 0.008333
0 0.528125 0.708333 0.006250 0.008333
0 0.539062 0.752083 0.012500 0.016667
0 0.521875 0.722917 0.006250 0.008333
0 0.512500 0.720833 0.006250 0.008333
0 0.518750 0.635417 0.006250 0.008333
0 0.523438 0.660417 0.006250 0.008333
0 0.506250 0.668750 0.006250 0.008333
0 0.512500 0.675000 0.006250 0.008333
0 0.509375 0.687500 0.006250 0.008333
0 0.500000 0.683333 0.006250 0.008333
0 0.492188 0.685417 0.006250 0.008333
0 0.495312 0.691667 0.006250 0.008333
0 0.496875 0.712500 0.006250 0.008333
0 0.503125 0.647917 0.006250 0.008333
0 0.496875 0.654167 0.006250 0.008333
0 0.492188 0.652083 0.006250 0.008333
0 0.473438 0.664583 0.006250 0.008333
0 0.476562 0.685417 0.006250 0.008333
0 0.478125 0.693750 0.006250 0.008333
0 0.478125 0.702083 0.006250 0.008333
0 0.451562 0.635417 0.006250 0.008333
0 0.440625 0.650000 0.006250 0.008333
0 0.440625 0.668750 0.006250 0.008333
0 0.445312 0.677083 0.006250 0.008333
0 0.435937 0.702083 0.006250 0.008333
0 0.451562 0.727083 0.006250 0.008333
0 0.456250 0.758333 0.012500 0.016667
0 0.484375 0.779167 0.012500 0.016667
0 0.493750 0.787500 0.012500 0.016667
0 0.403125 0.712500 0.006250 0.008333
0 0.425000 0.664583 0.006250 0.008333
0 0.412500 0.641667 0.006250 0.008333
0 0.351562 0.652083 0.006250 0.008333
0 0.339062 0.641667 0.006250 0.008333
0 0.303125 0.656250 0.006250 0.008333
0 0.307812 0.672917 0.006250 0.008333
0 0.389062 0.720833 0.006250 0.008333
0 0.384375 0.727083 0.006250 0.008333
0 0.375000 0.725000 0.006250 0.008333
0 0.357812 0.710417 0.006250 0.008333
0 0.345313 0.720833 0.006250 0.008333
0 0.310937 0.716667 0.006250 0.008333
0 0.101562 0.708333 0.006250 0.008333
0 0.064062 0.725000 0.006250 0.008333