0 0.965625 0.835417 0.012500 0.016667
0 0.957812 0.839583 0.012500 0.016667
0 0.925000 0.766667 0.012500 0.016667
0 0.920312 0.854167 0.012500 0.016667
0 0.842187 0.812500 0.012500 0.016667
0 0.831250 0.768750 0.012500 0.016667
0 0.792188 0.731250 0.006250 0.008333
0 0.803125 0.687500 0.006250 0.008333
0 0.829688 0.677083 0.006250 0.008333
0 0.792188 0.641667 0.006250 0.008333
0 0.742188 0.633333 0.006250 0.008333
0 0.731250 0.633333 0.006250 0.008333
0 0.757812 0.650000 0.006250 0.008333
0 0.748437 0.652083 0.006250 0.008333
0 0.706250 0.643750 0.006250 0.008333
0 0.703125 0.650000 0.006250 0.008333
0 0.689063 0.656250 0.006250 0.008333
0 0.714063 0.664583 0.006250 0.008333
0 0.698438 0.693750 0.006250 0.008333
0 0.696875 0.718750 0.006250 0.008333
0 0.726562 0.747917 0.006250 0.008333
0 0.657813 0.737500 0.006250 0.008333
0 0.635938 0.639583 0.006250 0.008333
0 0.610938 0.633333 0.006250 0.008333
0 0.610938 0.650000 0.006250 0.008333
0 0.614062 0.660417 0.006250 0.008333
0 0.642188 0.668750 0.006250 0.008333
0 0.623437 0.708333 0.006250 0.008333
0 0.612500 0.708333 0.006250 0.008333
0 0.607812 0.697917 0.006250 0.008333
0 0.603125 0.693750 0.006250 0.008333
0 0.592187 0.697917 0.006250 0.008333
0 0.584375 0.697917 0.006250 0.008333
0 0.585938 0.643750 0.006250 0.008333
0 0.584375 0.654167 0.006250 0.008333
0 0.565625 0.660417 0.006250 0.008333
0 0.559375 0.650000 0.006250 0.008333
0 0.518750 0.637500 0.006250 0.008333
0 0.517188 0.656250 0.006250 0.008333
0 0.523438 0.662500 0.006250 0.008333
0 0.540625 0.670833 0.006250 0.008333
0 0.542188 0.681250 0.006250 0.008333
0 0.587500 0.731250 0.006250 0.008333
0 0.562500 0.714583 0.006250 0.008333
0 0.553125 0.702083 0.006250 0.008333
0 0.550000 0.700000 0.006250 0.008333
0 0.542188 0.697917 0.006250 0.008333
0 0.534375 0.695833 0.006250 0.008333
0 0.534375 0.704167 0.006250 0.008333
0 0.529687 0.706250 0.006250 0.008333
0 0.520312 0.725000 0.006250 0.008333
0 0.509375 0.718750 0.006250 0.008333
0 0.539062 0.750000 0.012500 0.016667
0 0.550000 0.777083 0.012500 0.016667
0 0.643750 0.825000 0.012500 0.016667
0 0.631250 0.804167 0.012500 0.016667
0 0.626563 0.802083 0.012500 0.016667
0 0.615625 0.806250 0.012500 0.016667
0 0.573438 0.831250 0.012500 0.016667
0 0.507812 0.666667 0.006250 0.008333
0 0.512500 0.675000 0.006250 0.008333
0 0.512500 0.687500 0.006250 0.008333
0 0.501563 0.647917 0.006250 0.008333
0 0.496875 0.650000 0.006250 0.008333
0 0.489063 0.650000 0.006250 0.008333
0 0.485938 0.662500 0.006250 0.008333
0 0.478125 0.652083 0.006250 0.008333
0 0.490625 0.683333 0.006250 0.008333
0 0.503125 0.681250 0.006250 0.008333
0 0.493750 0.693750 0.006250 0.008333
0 0.498437 0.712500 0.006250 0.008333
0 0.476562 0.685417 0.006250 0.008333
0 0.476562 0.693750 0.006250 0.008333
0 0.476562 0.702083 0.006250 0.008333
0 0.451562 0.633333 0.006250 0.008333
0 0.412500 0.639583 0.006250 0.008333
0 0.440625 0.650000 0.006250 0.008333
0 0.423438 0.664583 0.006250 0.008333
0 0.442188 0.666667 0.006250 0.008333
0 0.450000 0.672917 0.006250 0.008333
0 0.445312 0.679167 0.006250 0.008333
0 0.437500 0.700000 0.006250 0.008333
0 0.425000 0.704167 0.006250 0.008333
0 0.389062 0.641667 0.006250 0.008333
0 0.353125 0.652083 0.006250 0.008333
0 0.335938 0.639583 0.006250 0.008333
0 0.300000 0.656250 0.006250 0.008333
0 0.307812 0.670833 0.006250 0.008333
0 0.253125 0.662500 0.006250 0.008333
0 0.371875 0.697917 0.006250 0.008333
0 0.359375 0.708333 0.006250 0.008333
0 0.453125 0.725000 0.006250 0.008333
0 0.457813 0.758333 0.012500 0.016667
0 0.484375 0.779167 0.012500 0.016667
0 0.493750 0.785417 0.012500 0.016667
0 0.100000 0.706250 0.006250 0.008333
0 0.064062 0.725000 0.006250 0.008333