0 0.782813 0.852083 0.012500 0.016667
0 0.732812 0.845833 0.012500 0.016667
0 0.731250 0.814583 0.012500 0.016667
0 0.620313 0.745833 0.006250 0.008333
0 0.617188 0.737500 0.006250 0.008333
0 0.612500 0.743750 0.006250 0.008333
0 0.606250 0.743750 0.006250 0.008333
0 0.545312 0.708333 0.006250 0.008333
0 0.537500 0.708333 0.006250 0.008333
0 0.528125 0.714583 0.006250 0.008333
0 0.531250 0.706250 0.006250 0.008333
0 0.523438 0.708333 0.006250 0.008333
0 0.503125 0.737500 0.006250 0.008333
0 0.585938 0.627083 0.006250 0.008333
0 0.579688 0.685417 0.006250 0.008333
0 0.589063 0.668750 0.006250 0.008333
0 0.596875 0.685417 0.006250 0.008333
0 0.590625 0.685417 0.006250 0.008333
0 0.581250 0.677083 0.006250 0.008333
0 0.587500 0.677083 0.006250 0.008333
0 0.596875 0.677083 0.006250 0.008333
0 0.596875 0.693750 0.006250 0.008333
0 0.587500 0.691667 0.006250 0.008333