0 0.781250 0.850000 0.012500 0.016667
0 0.734375 0.845833 0.012500 0.016667
0 0.729688 0.812500 0.012500 0.016667
0 0.620313 0.745833 0.006250 0.008333
0 0.612500 0.739583 0.006250 0.008333
0 0.606250 0.743750 0.006250 0.008333
0 0.656250 0.681250 0.006250 0.008333
0 0.642188 0.670833 0.006250 0.008333
0 0.609375 0.650000 0.006250 0.008333
0 0.628125 0.687500 0.006250 0.008333
0 0.628125 0.695833 0.006250 0.008333
0 0.618750 0.704167 0.006250 0.008333
0 0.614062 0.704167 0.006250 0.008333
0 0.598437 0.706250 0.006250 0.008333
0 0.584375 0.700000 0.006250 0.008333
0 0.579688 0.693750 0.006250 0.008333
0 0.579688 0.675000 0.006250 0.008333
0 0.504687 0.739583 0.006250 0.008333
0 0.535937 0.689583 0.006250 0.008333
0 0.545312 0.695833 0.006250 0.008333
0 0.537500 0.710417 0.006250 0.008333
0 0.539062 0.700000 0.006250 0.008333
0 0.545312 0.706250 0.006250 0.008333
0 0.557813 0.706250 0.006250 0.008333
0 0.557813 0.695833 0.006250 0.008333
0 0.540625 0.693750 0.006250 0.008333