0 0.782813 0.852083 0.012500 0.016667
0 0.732812 0.843750 0.012500 0.016667
0 0.729688 0.812500 0.012500 0.016667
0 0.696875 0.718750 0.006250 0.008333
0 0.620313 0.743750 0.006250 0.008333
0 0.612500 0.743750 0.006250 0.008333
0 0.606250 0.743750 0.006250 0.008333
0 0.620313 0.706250 0.006250 0.008333
0 0.612500 0.710417 0.006250 0.008333
0 0.600000 0.704167 0.006250 0.008333
0 0.628125 0.697917 0.006250 0.008333
0 0.629687 0.687500 0.006250 0.008333
0 0.642188 0.670833 0.006250 0.008333
0 0.656250 0.681250 0.006250 0.008333
0 0.610938 0.652083 0.006250 0.008333
0 0.578125 0.672917 0.006250 0.008333
0 0.578125 0.693750 0.006250 0.008333
0 0.584375 0.695833 0.006250 0.008333
0 0.539062 0.710417 0.006250 0.008333
0 0.534375 0.714583 0.006250 0.008333
0 0.529687 0.706250 0.006250 0.008333
0 0.534375 0.693750 0.006250 0.008333
0 0.543750 0.693750 0.006250 0.008333
0 0.523438 0.693750 0.006250 0.008333
0 0.515625 0.693750 0.006250 0.008333
0 0.503125 0.737500 0.006250 0.008333
0 0.468750 0.710417 0.006250 0.008333
0 0.456250 0.710417 0.006250 0.008333
0 0.376563 0.702083 0.006250 0.008333
0 0.381250 0.693750 0.006250 0.008333
0 0.367188 0.693750 0.006250 0.008333
0 0.362500 0.685417 0.006250 0.008333
0 0.370312 0.689583 0.006250 0.008333
0 0.359375 0.697917 0.006250 0.008333
0 0.370312 0.704167 0.006250 0.008333
0 0.375000 0.693750 0.006250 0.008333