0 0.981250 0.704167 0.006250 0.008333
0 0.932813 0.645833 0.006250 0.008333
0 0.912500 0.720833 0.006250 0.008333
0 0.893750 0.714583 0.006250 0.008333
0 0.971875 0.781250 0.012500 0.016667
0 0.959375 0.775000 0.012500 0.016667
0 0.987500 0.860417 0.012500 0.016667
0 0.960938 0.837500 0.012500 0.016667
0 0.920312 0.852083 0.012500 0.016667
0 0.815625 0.804167 0.012500 0.016667
0 0.821875 0.687500 0.006250 0.008333
0 0.804688 0.687500 0.006250 0.008333
0 0.793750 0.639583 0.006250 0.008333
0 0.746875 0.654167 0.006250 0.008333
0 0.743750 0.633333 0.006250 0.008333
0 0.731250 0.635417 0.006250 0.008333
0 0.715625 0.672917 0.006250 0.008333
0 0.726562 0.747917 0.006250 0.008333
0 0.701562 0.704167 0.006250 0.008333
0 0.698438 0.693750 0.006250 0.008333
0 0.696875 0.716667 0.006250 0.008333
0 0.643750 0.658333 0.006250 0.008333
0 0.654687 0.702083 0.006250 0.008333
0 0.656250 0.739583 0.006250 0.008333
0 0.635938 0.808333 0.012500 0.016667
0 0.626563 0.802083 0.012500 0.016667
0 0.632812 0.816667 0.012500 0.016667
0 0.617188 0.808333 0.012500 0.016667
0 0.381250 0.925000 0.012500 0.016667
0 0.625000 0.706250 0.006250 0.008333
0 0.617188 0.700000 0.006250 0.008333
0 0.612500 0.708333 0.006250 0.008333
0 0.610938 0.660417 0.006250 0.008333
0 0.610938 0.650000 0.006250 0.008333
0 0.582812 0.656250 0.006250 0.008333
0 0.598437 0.697917 0.006250 0.008333
0 0.564063 0.708333 0.006250 0.008333
0 0.560937 0.714583 0.006250 0.008333
0 0.548438 0.706250 0.006250 0.008333
0 0.560937 0.650000 0.006250 0.008333
0 0.551562 0.666667 0.006250 0.008333
0 0.539062 0.672917 0.006250 0.008333
0 0.528125 0.660417 0.006250 0.008333
0 0.518750 0.635417 0.006250 0.008333
0 0.503125 0.647917 0.006250 0.008333
0 0.496875 0.650000 0.006250 0.008333
0 0.490625 0.650000 0.006250 0.008333
0 0.507812 0.664583 0.006250 0.008333
0 0.512500 0.685417 0.006250 0.008333
0 0.534375 0.708333 0.006250 0.008333
0 0.525000 0.704167 0.006250 0.008333
0 0.510938 0.702083 0.006250 0.008333
0 0.492188 0.687500 0.006250 0.008333
0 0.489063 0.677083 0.006250 0.008333
0 0.475000 0.664583 0.006250 0.008333
0 0.476562 0.687500 0.006250 0.008333
0 0.476562 0.693750 0.006250 0.008333
0 0.412500 0.639583 0.006250 0.008333
0 0.440625 0.668750 0.006250 0.008333
0 0.390625 0.681250 0.006250 0.008333
0 0.378125 0.677083 0.006250 0.008333
0 0.371875 0.677083 0.006250 0.008333
0 0.359375 0.679167 0.006250 0.008333
0 0.351562 0.652083 0.006250 0.008333
0 0.332813 0.641667 0.006250 0.008333
0 0.306250 0.672917 0.006250 0.008333
0 0.250000 0.664583 0.006250 0.008333
0 0.100000 0.706250 0.006250 0.008333
0 0.064062 0.725000 0.006250 0.008333
0 0.309375 0.716667 0.006250 0.008333
0 0.343750 0.720833 0.006250 0.008333
0 0.404687 0.712500 0.006250 0.008333
0 0.389062 0.720833 0.006250 0.008333
0 0.378125 0.727083 0.006250 0.008333
0 0.500000 0.718750 0.006250 0.008333
0 0.518750 0.722917 0.006250 0.008333
0 0.521875 0.733333 0.006250 0.008333
0 0.539062 0.752083 0.012500 0.016667
0 0.484375 0.779167 0.012500 0.016667
0 0.454688 0.758333 0.012500 0.016667
0 0.307812 0.756250 0.012500 0.016667
0 0.248438 0.747917 0.006250 0.008333
0 0.235937 0.756250 0.012500 0.016667