0 0.359375 0.693750 0.006250 0.008333
0 0.364063 0.689583 0.006250 0.008333
0 0.370312 0.693750 0.006250 0.008333
0 0.378125 0.689583 0.006250 0.008333
0 0.381250 0.695833 0.006250 0.008333
0 0.371875 0.704167 0.006250 0.008333
0 0.367188 0.702083 0.006250 0.008333
0 0.360938 0.702083 0.006250 0.008333
0 0.357812 0.710417 0.006250 0.008333
0 0.781250 0.847917 0.012500 0.016667
0 0.732812 0.843750 0.012500 0.016667
0 0.731250 0.814583 0.012500 0.016667
0 0.696875 0.718750 0.006250 0.008333
0 0.621875 0.743750 0.006250 0.008333
0 0.612500 0.739583 0.006250 0.008333
0 0.604688 0.739583 0.006250 0.008333
0 0.612500 0.706250 0.006250 0.008333
0 0.620313 0.706250 0.006250 0.008333
0 0.628125 0.695833 0.006250 0.008333
0 0.628125 0.685417 0.006250 0.008333
0 0.642188 0.668750 0.006250 0.008333
0 0.656250 0.681250 0.006250 0.008333
0 0.607812 0.652083 0.006250 0.008333
0 0.600000 0.706250 0.006250 0.008333
0 0.582812 0.695833 0.006250 0.008333
0 0.576562 0.693750 0.006250 0.008333
0 0.578125 0.672917 0.006250 0.008333
0 0.539062 0.710417 0.006250 0.008333
0 0.534375 0.714583 0.006250 0.008333
0 0.528125 0.706250 0.006250 0.008333
0 0.503125 0.739583 0.006250 0.008333
0 0.546875 0.689583 0.006250 0.008333
0 0.542188 0.693750 0.006250 0.008333
0 0.534375 0.693750 0.006250 0.008333
0 0.521875 0.693750 0.006250 0.008333
0 0.515625 0.693750 0.006250 0.008333
0 0.467187 0.710417 0.006250 0.008333
0 0.457813 0.710417 0.006250 0.008333