0 0.964063 0.837500 0.012500 0.016667
0 0.956250 0.841667 0.012500 0.016667
0 0.920312 0.852083 0.012500 0.016667
0 0.926562 0.766667 0.012500 0.016667
0 0.828125 0.679167 0.006250 0.008333
0 0.803125 0.685417 0.006250 0.008333
0 0.759375 0.654167 0.006250 0.008333
0 0.748437 0.654167 0.006250 0.008333
0 0.753125 0.677083 0.006250 0.008333
0 0.764062 0.702083 0.006250 0.008333
0 0.831250 0.770833 0.012500 0.016667
0 0.843750 0.814583 0.012500 0.016667
0 0.726562 0.745833 0.006250 0.008333
0 0.706250 0.645833 0.006250 0.008333
0 0.701562 0.654167 0.006250 0.008333
0 0.715625 0.666667 0.006250 0.008333
0 0.689063 0.660417 0.006250 0.008333
0 0.698438 0.693750 0.006250 0.008333
0 0.698438 0.716667 0.006250 0.008333
0 0.657813 0.737500 0.006250 0.008333
0 0.637500 0.641667 0.006250 0.008333
0 0.640625 0.664583 0.006250 0.008333
0 0.640625 0.666667 0.006250 0.008333
0 0.609375 0.633333 0.006250 0.008333
0 0.607812 0.652083 0.006250 0.008333
0 0.614062 0.658333 0.006250 0.008333
0 0.625000 0.708333 0.006250 0.008333
0 0.610938 0.710417 0.006250 0.008333
0 0.607812 0.700000 0.006250 0.008333
0 0.604688 0.693750 0.006250 0.008333
0 0.590625 0.695833 0.006250 0.008333
0 0.584375 0.693750 0.006250 0.008333
0 0.585938 0.731250 0.006250 0.008333
0 0.581250 0.737500 0.006250 0.008333
0 0.642188 0.825000 0.012500 0.016667
0 0.634375 0.806250 0.012500 0.016667
0 0.628125 0.802083 0.012500 0.016667
0 0.617188 0.806250 0.012500 0.016667
0 0.571875 0.831250 0.012500 0.016667
0 0.578125 0.633333 0.006250 0.008333
0 0.562500 0.633333 0.006250 0.008333
0 0.587500 0.645833 0.006250 0.008333
0 0.581250 0.656250 0.006250 0.008333
0 0.565625 0.662500 0.006250 0.008333
0 0.560937 0.650000 0.006250 0.008333
0 0.518750 0.635417 0.006250 0.008333
0 0.495312 0.635417 0.006250 0.008333
0 0.520312 0.660417 0.006250 0.008333
0 0.540625 0.670833 0.006250 0.008333
0 0.543750 0.681250 0.006250 0.008333
0 0.560937 0.714583 0.006250 0.008333
0 0.554688 0.702083 0.006250 0.008333
0 0.548438 0.700000 0.006250 0.008333
0 0.542188 0.697917 0.006250 0.008333
0 0.532813 0.693750 0.006250 0.008333
0 0.532813 0.706250 0.006250 0.008333
0 0.531250 0.706250 0.006250 0.008333
0 0.550000 0.781250 0.012500 0.016667
0 0.539062 0.754167 0.012500 0.016667
0 0.521875 0.725000 0.006250 0.008333
0 0.510938 0.718750 0.006250 0.008333
0 0.501563 0.647917 0.006250 0.008333
0 0.496875 0.650000 0.006250 0.008333
0 0.490625 0.654167 0.006250 0.008333
0 0.496875 0.660417 0.006250 0.008333
0 0.506250 0.666667 0.006250 0.008333
0 0.510938 0.675000 0.006250 0.008333
0 0.510938 0.685417 0.006250 0.008333
0 0.501563 0.681250 0.006250 0.008333
0 0.493750 0.685417 0.006250 0.008333
0 0.495312 0.693750 0.006250 0.008333
0 0.498437 0.716667 0.006250 0.008333
0 0.476562 0.685417 0.006250 0.008333
0 0.481250 0.691667 0.006250 0.008333
0 0.476562 0.702083 0.006250 0.008333
0 0.453125 0.725000 0.006250 0.008333
0 0.456250 0.756250 0.012500 0.016667
0 0.495312 0.787500 0.012500 0.016667
0 0.484375 0.781250 0.012500 0.016667
0 0.451562 0.635417 0.006250 0.008333
0 0.439063 0.645833 0.006250 0.008333
0 0.440625 0.664583 0.006250 0.008333
0 0.445312 0.675000 0.006250 0.008333
0 0.437500 0.704167 0.006250 0.008333
0 0.426563 0.708333 0.006250 0.008333
0 0.425000 0.662500 0.006250 0.008333
0 0.412500 0.639583 0.006250 0.008333
0 0.390625 0.633333 0.006250 0.008333
0 0.335938 0.639583 0.006250 0.008333
0 0.351562 0.652083 0.006250 0.008333
0 0.378125 0.693750 0.006250 0.008333
0 0.359375 0.708333 0.006250 0.008333
0 0.300000 0.654167 0.006250 0.008333
0 0.306250 0.668750 0.006250 0.008333
0 0.287500 0.679167 0.006250 0.008333
0 0.100000 0.706250 0.006250 0.008333
0 0.062500 0.722917 0.006250 0.008333