0 0.992188 0.904167 0.012500 0.016667
0 0.967187 0.837500 0.012500 0.016667
0 0.957812 0.841667 0.012500 0.016667
0 0.948438 0.852083 0.012500 0.016667
0 0.939063 0.831250 0.012500 0.016667
0 0.918750 0.854167 0.012500 0.016667
0 0.903125 0.891667 0.012500 0.016667
0 0.926562 0.764583 0.012500 0.016667
0 0.893750 0.722917 0.006250 0.008333
0 0.832812 0.768750 0.012500 0.016667
0 0.825000 0.883333 0.012500 0.016667
0 0.778125 0.850000 0.012500 0.016667
0 0.828125 0.679167 0.006250 0.008333
0 0.803125 0.687500 0.006250 0.008333
0 0.757812 0.656250 0.006250 0.008333
0 0.748437 0.654167 0.006250 0.008333
0 0.762500 0.704167 0.006250 0.008333
0 0.745313 0.710417 0.006250 0.008333
0 0.726562 0.750000 0.012500 0.016667
0 0.696875 0.718750 0.006250 0.008333
0 0.715625 0.666667 0.006250 0.008333
0 0.703125 0.654167 0.006250 0.008333
0 0.690625 0.660417 0.006250 0.008333
0 0.656250 0.681250 0.006250 0.008333
0 0.642188 0.672917 0.006250 0.008333
0 0.615625 0.660417 0.006250 0.008333
0 0.609375 0.650000 0.006250 0.008333
0 0.589063 0.643750 0.006250 0.008333
0 0.582812 0.658333 0.006250 0.008333
0 0.562500 0.650000 0.006250 0.008333
0 0.646875 0.710417 0.006250 0.008333
0 0.679688 0.745833 0.006250 0.008333
0 0.679688 0.756250 0.012500 0.016667
0 0.665625 0.754167 0.012500 0.016667
0 0.648438 0.745833 0.006250 0.008333
0 0.646875 0.770833 0.012500 0.016667
0 0.634375 0.768750 0.012500 0.016667
0 0.629687 0.735417 0.006250 0.008333
0 0.623437 0.727083 0.006250 0.008333
0 0.623437 0.708333 0.006250 0.008333
0 0.620313 0.700000 0.006250 0.008333
0 0.617188 0.706250 0.006250 0.008333
0 0.612500 0.689583 0.006250 0.008333
0 0.612500 0.702083 0.006250 0.008333
0 0.612500 0.710417 0.006250 0.008333
0 0.598437 0.691667 0.006250 0.008333
0 0.584375 0.697917 0.006250 0.008333
0 0.578125 0.695833 0.006250 0.008333
0 0.610938 0.739583 0.006250 0.008333
0 0.600000 0.741667 0.006250 0.008333
0 0.575000 0.712500 0.006250 0.008333
0 0.562500 0.714583 0.006250 0.008333
0 0.550000 0.700000 0.006250 0.008333
0 0.543750 0.695833 0.006250 0.008333
0 0.534375 0.693750 0.006250 0.008333
0 0.532813 0.710417 0.006250 0.008333
0 0.528125 0.714583 0.006250 0.008333
0 0.568750 0.739583 0.006250 0.008333
0 0.545312 0.750000 0.012500 0.016667
0 0.542188 0.750000 0.012500 0.016667
0 0.506250 0.785417 0.012500 0.016667
0 0.500000 0.768750 0.012500 0.016667
0 0.501563 0.745833 0.006250 0.008333
0 0.487500 0.777083 0.012500 0.016667
0 0.453125 0.758333 0.012500 0.016667
0 0.456250 0.720833 0.006250 0.008333
0 0.453125 0.725000 0.006250 0.008333
0 0.429688 0.741667 0.006250 0.008333
0 0.439063 0.650000 0.006250 0.008333
0 0.446875 0.679167 0.006250 0.008333
0 0.437500 0.704167 0.006250 0.008333
0 0.428125 0.706250 0.006250 0.008333
0 0.359375 0.710417 0.006250 0.008333
0 0.340625 0.650000 0.006250 0.008333
0 0.304688 0.672917 0.006250 0.008333
0 0.268750 0.752083 0.012500 0.016667
0 0.184375 0.706250 0.006250 0.008333
0 0.501563 0.650000 0.006250 0.008333
0 0.496875 0.652083 0.006250 0.008333
0 0.489063 0.654167 0.006250 0.008333
0 0.518750 0.689583 0.006250 0.008333
0 0.512500 0.687500 0.006250 0.008333
0 0.504687 0.697917 0.006250 0.008333
0 0.507812 0.704167 0.006250 0.008333
0 0.510938 0.716667 0.006250 0.008333
0 0.498437 0.714583 0.006250 0.008333
0 0.495312 0.697917 0.006250 0.008333
0 0.492188 0.687500 0.006250 0.008333
0 0.476562 0.685417 0.006250 0.008333