0 0.779687 0.845833 0.012500 0.016667
0 0.732812 0.843750 0.012500 0.016667
0 0.731250 0.812500 0.012500 0.016667
0 0.621875 0.743750 0.006250 0.008333
0 0.617188 0.737500 0.006250 0.008333
0 0.610938 0.743750 0.006250 0.008333
0 0.606250 0.743750 0.006250 0.008333
0 0.620313 0.704167 0.006250 0.008333
0 0.612500 0.706250 0.006250 0.008333
0 0.601562 0.706250 0.006250 0.008333
0 0.593750 0.691667 0.006250 0.008333
0 0.593750 0.664583 0.006250 0.008333
0 0.585938 0.672917 0.006250 0.008333
0 0.581250 0.672917 0.006250 0.008333
0 0.575000 0.668750 0.006250 0.008333
0 0.581250 0.679167 0.006250 0.008333
0 0.585938 0.662500 0.006250 0.008333
0 0.595313 0.672917 0.006250 0.008333
0 0.545312 0.706250 0.006250 0.008333
0 0.534375 0.708333 0.006250 0.008333
0 0.525000 0.708333 0.006250 0.008333
0 0.528125 0.712500 0.006250 0.008333
0 0.504687 0.737500 0.006250 0.008333