0 0.829688 0.677083 0.006250 0.008333
0 0.928125 0.766667 0.012500 0.016667
0 0.965625 0.837500 0.012500 0.016667
0 0.957812 0.843750 0.012500 0.016667
0 0.945312 0.852083 0.012500 0.016667
0 0.921875 0.854167 0.012500 0.016667
0 0.970313 0.939583 0.012500 0.016667
0 0.829688 0.768750 0.012500 0.016667
0 0.807813 0.752083 0.012500 0.016667
0 0.778125 0.789583 0.012500 0.016667
0 0.781250 0.850000 0.012500 0.016667
0 0.712500 0.816667 0.012500 0.016667
0 0.726562 0.747917 0.006250 0.008333
0 0.760938 0.704167 0.006250 0.008333
0 0.803125 0.687500 0.006250 0.008333
0 0.757812 0.656250 0.006250 0.008333
0 0.748437 0.654167 0.006250 0.008333
0 0.715625 0.664583 0.006250 0.008333
0 0.703125 0.650000 0.006250 0.008333
0 0.689063 0.658333 0.006250 0.008333
0 0.642188 0.670833 0.006250 0.008333
0 0.696875 0.718750 0.006250 0.008333
0 0.676562 0.729167 0.006250 0.008333
0 0.679688 0.743750 0.006250 0.008333
0 0.648438 0.743750 0.006250 0.008333
0 0.643750 0.825000 0.012500 0.016667
0 0.571875 0.831250 0.012500 0.016667
0 0.550000 0.781250 0.012500 0.016667
0 0.539062 0.752083 0.012500 0.016667
0 0.560937 0.714583 0.006250 0.008333
0 0.557813 0.708333 0.006250 0.008333
0 0.551562 0.700000 0.006250 0.008333
0 0.625000 0.704167 0.006250 0.008333
0 0.528125 0.708333 0.006250 0.008333
0 0.521875 0.722917 0.006250 0.008333
0 0.521875 0.662500 0.006250 0.008333
0 0.501563 0.645833 0.006250 0.008333
0 0.496875 0.652083 0.006250 0.008333
0 0.490625 0.652083 0.006250 0.008333
0 0.498437 0.662500 0.006250 0.008333
0 0.506250 0.668750 0.006250 0.008333
0 0.512500 0.677083 0.006250 0.008333
0 0.512500 0.687500 0.006250 0.008333
0 0.509375 0.704167 0.006250 0.008333
0 0.501563 0.681250 0.006250 0.008333
0 0.492188 0.685417 0.006250 0.008333
0 0.495312 0.693750 0.006250 0.008333
0 0.498437 0.718750 0.006250 0.008333
0 0.476562 0.687500 0.006250 0.008333
0 0.448437 0.645833 0.006250 0.008333
0 0.439063 0.647917 0.006250 0.008333
0 0.439063 0.666667 0.006250 0.008333
0 0.445312 0.677083 0.006250 0.008333
0 0.423438 0.662500 0.006250 0.008333
0 0.390625 0.635417 0.006250 0.008333
0 0.351562 0.654167 0.006250 0.008333
0 0.335938 0.639583 0.006250 0.008333
0 0.300000 0.658333 0.006250 0.008333
0 0.304688 0.670833 0.006250 0.008333
0 0.325000 0.714583 0.006250 0.008333
0 0.357812 0.710417 0.006250 0.008333
0 0.437500 0.702083 0.006250 0.008333
0 0.426563 0.706250 0.006250 0.008333
0 0.421875 0.710417 0.006250 0.008333
0 0.434375 0.708333 0.006250 0.008333
0 0.454688 0.714583 0.006250 0.008333
0 0.453125 0.722917 0.006250 0.008333
0 0.456250 0.756250 0.012500 0.016667
0 0.429688 0.739583 0.006250 0.008333
0 0.370312 0.822917 0.012500 0.016667
0 0.484375 0.779167 0.012500 0.016667
0 0.492188 0.785417 0.012500 0.016667