0 0.982812 0.704167 0.006250 0.008333
0 0.934375 0.643750 0.006250 0.008333
0 0.918750 0.683333 0.006250 0.008333
0 0.914062 0.720833 0.006250 0.008333
0 0.893750 0.714583 0.006250 0.008333
0 0.981250 0.783333 0.012500 0.016667
0 0.970313 0.781250 0.012500 0.016667
0 0.960938 0.775000 0.012500 0.016667
0 0.965625 0.837500 0.012500 0.016667
0 0.957812 0.839583 0.012500 0.016667
0 0.920312 0.854167 0.012500 0.016667
0 0.815625 0.802083 0.012500 0.016667
0 0.831250 0.677083 0.006250 0.008333
0 0.793750 0.641667 0.006250 0.008333
0 0.803125 0.685417 0.006250 0.008333
0 0.748437 0.654167 0.006250 0.008333
0 0.743750 0.633333 0.006250 0.008333
0 0.731250 0.633333 0.006250 0.008333
0 0.703125 0.650000 0.006250 0.008333
0 0.715625 0.666667 0.006250 0.008333
0 0.715625 0.672917 0.006250 0.008333
0 0.698438 0.693750 0.006250 0.008333
0 0.703125 0.702083 0.006250 0.008333
0 0.696875 0.716667 0.006250 0.008333
0 0.754687 0.762500 0.012500 0.016667
0 0.726562 0.747917 0.006250 0.008333
0 0.631250 0.818750 0.012500 0.016667
0 0.634375 0.806250 0.012500 0.016667
0 0.628125 0.804167 0.012500 0.016667
0 0.617188 0.806250 0.012500 0.016667
0 0.657813 0.741667 0.006250 0.008333
0 0.656250 0.700000 0.006250 0.008333
0 0.642188 0.670833 0.006250 0.008333
0 0.637500 0.641667 0.006250 0.008333
0 0.615625 0.658333 0.006250 0.008333
0 0.614062 0.658333 0.006250 0.008333
0 0.609375 0.650000 0.006250 0.008333
0 0.582812 0.656250 0.006250 0.008333
0 0.559375 0.647917 0.006250 0.008333
0 0.551562 0.664583 0.006250 0.008333
0 0.539062 0.670833 0.006250 0.008333
0 0.528125 0.660417 0.006250 0.008333
0 0.517188 0.633333 0.006250 0.008333
0 0.503125 0.647917 0.006250 0.008333
0 0.498437 0.652083 0.006250 0.008333
0 0.490625 0.652083 0.006250 0.008333
0 0.475000 0.664583 0.006250 0.008333
0 0.451562 0.633333 0.006250 0.008333
0 0.409375 0.641667 0.006250 0.008333
0 0.351562 0.652083 0.006250 0.008333
0 0.335938 0.639583 0.006250 0.008333
0 0.306250 0.670833 0.006250 0.008333
0 0.253125 0.660417 0.006250 0.008333
0 0.101562 0.708333 0.006250 0.008333
0 0.064062 0.725000 0.006250 0.008333
0 0.310937 0.716667 0.006250 0.008333
0 0.343750 0.720833 0.006250 0.008333
0 0.425000 0.664583 0.006250 0.008333
0 0.434375 0.660417 0.006250 0.008333
0 0.440625 0.666667 0.006250 0.008333
0 0.445312 0.679167 0.006250 0.008333
0 0.437500 0.702083 0.006250 0.008333
0 0.403125 0.712500 0.006250 0.008333
0 0.390625 0.718750 0.006250 0.008333
0 0.379688 0.725000 0.006250 0.008333
0 0.478125 0.687500 0.006250 0.008333
0 0.473438 0.695833 0.006250 0.008333
0 0.492188 0.685417 0.006250 0.008333
0 0.507812 0.664583 0.006250 0.008333
0 0.512500 0.677083 0.006250 0.008333
0 0.512500 0.685417 0.006250 0.008333
0 0.510938 0.687500 0.006250 0.008333
0 0.498437 0.716667 0.006250 0.008333
0 0.534375 0.693750 0.006250 0.008333
0 0.623437 0.708333 0.006250 0.008333
0 0.615625 0.700000 0.006250 0.008333
0 0.612500 0.708333 0.006250 0.008333
0 0.606250 0.700000 0.006250 0.008333
0 0.598437 0.697917 0.006250 0.008333
0 0.587500 0.735417 0.006250 0.008333
0 0.562500 0.708333 0.006250 0.008333
0 0.559375 0.712500 0.006250 0.008333
0 0.546875 0.706250 0.006250 0.008333
0 0.534375 0.704167 0.006250 0.008333
0 0.529687 0.704167 0.006250 0.008333
0 0.521875 0.722917 0.006250 0.008333
0 0.540625 0.752083 0.012500 0.016667
0 0.484375 0.781250 0.012500 0.016667
0 0.454688 0.756250 0.012500 0.016667