0 0.964063 0.839583 0.012500 0.016667
0 0.956250 0.843750 0.012500 0.016667
0 0.942187 0.852083 0.012500 0.016667
0 0.921875 0.854167 0.012500 0.016667
0 0.915625 0.904167 0.012500 0.016667
0 0.926562 0.764583 0.012500 0.016667
0 0.829688 0.677083 0.006250 0.008333
0 0.803125 0.685417 0.006250 0.008333
0 0.757812 0.654167 0.006250 0.008333
0 0.746875 0.654167 0.006250 0.008333
0 0.831250 0.766667 0.012500 0.016667
0 0.781250 0.845833 0.012500 0.016667
0 0.726562 0.745833 0.006250 0.008333
0 0.715625 0.666667 0.006250 0.008333
0 0.703125 0.654167 0.006250 0.008333
0 0.687500 0.660417 0.006250 0.008333
0 0.706250 0.695833 0.006250 0.008333
0 0.696875 0.716667 0.006250 0.008333
0 0.681250 0.708333 0.006250 0.008333
0 0.656250 0.739583 0.006250 0.008333
0 0.640625 0.670833 0.006250 0.008333
0 0.615625 0.660417 0.006250 0.008333
0 0.609375 0.654167 0.006250 0.008333
0 0.587500 0.645833 0.006250 0.008333
0 0.582812 0.656250 0.006250 0.008333
0 0.565625 0.658333 0.006250 0.008333
0 0.560937 0.650000 0.006250 0.008333
0 0.554688 0.633333 0.006250 0.008333
0 0.545312 0.672917 0.006250 0.008333
0 0.540625 0.681250 0.006250 0.008333
0 0.521875 0.660417 0.006250 0.008333
0 0.518750 0.656250 0.006250 0.008333
0 0.501563 0.647917 0.006250 0.008333
0 0.496875 0.652083 0.006250 0.008333
0 0.489063 0.654167 0.006250 0.008333
0 0.496875 0.662500 0.006250 0.008333
0 0.507812 0.664583 0.006250 0.008333
0 0.510938 0.675000 0.006250 0.008333
0 0.510938 0.685417 0.006250 0.008333
0 0.501563 0.685417 0.006250 0.008333
0 0.492188 0.685417 0.006250 0.008333
0 0.495312 0.697917 0.006250 0.008333
0 0.496875 0.714583 0.006250 0.008333
0 0.475000 0.685417 0.006250 0.008333
0 0.476562 0.693750 0.006250 0.008333
0 0.476562 0.702083 0.006250 0.008333
0 0.451562 0.633333 0.006250 0.008333
0 0.412500 0.641667 0.006250 0.008333
0 0.390625 0.633333 0.006250 0.008333
0 0.351562 0.650000 0.006250 0.008333
0 0.335938 0.637500 0.006250 0.008333
0 0.301563 0.656250 0.006250 0.008333
0 0.304688 0.670833 0.006250 0.008333
0 0.231250 0.725000 0.006250 0.008333
0 0.312500 0.725000 0.006250 0.008333
0 0.357812 0.710417 0.006250 0.008333
0 0.376563 0.693750 0.006250 0.008333
0 0.356250 0.810417 0.012500 0.016667
0 0.439063 0.650000 0.006250 0.008333
0 0.421875 0.664583 0.006250 0.008333
0 0.440625 0.668750 0.006250 0.008333
0 0.446875 0.679167 0.006250 0.008333
0 0.437500 0.702083 0.006250 0.008333
0 0.428125 0.706250 0.006250 0.008333
0 0.429688 0.741667 0.006250 0.008333
0 0.456250 0.725000 0.006250 0.008333
0 0.456250 0.758333 0.012500 0.016667
0 0.484375 0.781250 0.012500 0.016667
0 0.493750 0.787500 0.012500 0.016667
0 0.625000 0.706250 0.006250 0.008333
0 0.612500 0.710417 0.006250 0.008333
0 0.606250 0.700000 0.006250 0.008333
0 0.603125 0.693750 0.006250 0.008333
0 0.590625 0.697917 0.006250 0.008333
0 0.581250 0.695833 0.006250 0.008333
0 0.550000 0.702083 0.006250 0.008333
0 0.542188 0.695833 0.006250 0.008333
0 0.534375 0.693750 0.006250 0.008333
0 0.539062 0.704167 0.006250 0.008333
0 0.531250 0.704167 0.006250 0.008333
0 0.529687 0.708333 0.006250 0.008333
0 0.520312 0.722917 0.006250 0.008333
0 0.562500 0.712500 0.006250 0.008333
0 0.581250 0.720833 0.006250 0.008333
0 0.604688 0.735417 0.006250 0.008333
0 0.585938 0.733333 0.006250 0.008333
0 0.556250 0.739583 0.006250 0.008333
0 0.539062 0.752083 0.012500 0.016667
0 0.550000 0.779167 0.012500 0.016667
0 0.571875 0.831250 0.012500 0.016667
0 0.643750 0.825000 0.012500 0.016667
0 0.632812 0.804167 0.012500 0.016667
0 0.628125 0.802083 0.012500 0.016667
0 0.614062 0.808333 0.012500 0.016667