0 0.781250 0.847917 0.012500 0.016667
0 0.731250 0.843750 0.012500 0.016667
0 0.731250 0.816667 0.012500 0.016667
0 0.621875 0.743750 0.006250 0.008333
0 0.614062 0.739583 0.006250 0.008333
0 0.604688 0.741667 0.006250 0.008333
0 0.503125 0.739583 0.006250 0.008333
0 0.618750 0.704167 0.006250 0.008333
0 0.612500 0.706250 0.006250 0.008333
0 0.600000 0.704167 0.006250 0.008333
0 0.621875 0.597917 0.006250 0.008333
0 0.621875 0.587500 0.006250 0.008333
0 0.626563 0.591667 0.006250 0.008333
0 0.607812 0.650000 0.006250 0.008333
0 0.584375 0.697917 0.006250 0.008333
0 0.578125 0.695833 0.006250 0.008333
0 0.578125 0.672917 0.006250 0.008333
0 0.564063 0.700000 0.006250 0.008333
0 0.559375 0.693750 0.006250 0.008333
0 0.545312 0.710417 0.006250 0.008333
0 0.537500 0.710417 0.006250 0.008333
0 0.529687 0.714583 0.006250 0.008333
0 0.525000 0.710417 0.006250 0.008333
0 0.551562 0.681250 0.006250 0.008333
0 0.546875 0.672917 0.006250 0.008333
0 0.534375 0.681250 0.006250 0.008333
0 0.531250 0.670833 0.006250 0.008333
0 0.539062 0.670833 0.006250 0.008333
0 0.537500 0.685417 0.006250 0.008333