0 0.503125 0.647917 0.006250 0.008333
0 0.496875 0.654167 0.006250 0.008333
0 0.487500 0.652083 0.006250 0.008333
0 0.585938 0.645833 0.006250 0.008333
0 0.581250 0.658333 0.006250 0.008333
0 0.559375 0.650000 0.006250 0.008333
0 0.610938 0.647917 0.006250 0.008333
0 0.614062 0.658333 0.006250 0.008333
0 0.642188 0.670833 0.006250 0.008333
0 0.659375 0.681250 0.006250 0.008333
0 0.623437 0.706250 0.006250 0.008333
0 0.617188 0.693750 0.006250 0.008333
0 0.618750 0.704167 0.006250 0.008333
0 0.612500 0.708333 0.006250 0.008333
0 0.606250 0.697917 0.006250 0.008333
0 0.603125 0.689583 0.006250 0.008333
0 0.595313 0.695833 0.006250 0.008333
0 0.589063 0.693750 0.006250 0.008333
0 0.582812 0.695833 0.006250 0.008333
0 0.578125 0.693750 0.006250 0.008333
0 0.567187 0.685417 0.006250 0.008333
0 0.546875 0.672917 0.006250 0.008333
0 0.542188 0.668750 0.006250 0.008333
0 0.557813 0.712500 0.006250 0.008333
0 0.550000 0.700000 0.006250 0.008333
0 0.542188 0.693750 0.006250 0.008333
0 0.534375 0.693750 0.006250 0.008333
0 0.532813 0.689583 0.006250 0.008333
0 0.515625 0.685417 0.006250 0.008333
0 0.509375 0.691667 0.006250 0.008333
0 0.506250 0.685417 0.006250 0.008333
0 0.496875 0.695833 0.006250 0.008333
0 0.489063 0.685417 0.006250 0.008333
0 0.476562 0.689583 0.006250 0.008333
0 0.496875 0.716667 0.006250 0.008333
0 0.359375 0.710417 0.006250 0.008333
0 0.307812 0.670833 0.006250 0.008333
0 0.304688 0.677083 0.006250 0.008333
0 0.265625 0.752083 0.012500 0.016667
0 0.187500 0.708333 0.006250 0.008333
0 0.703125 0.654167 0.006250 0.008333
0 0.687500 0.660417 0.006250 0.008333
0 0.712500 0.666667 0.006250 0.008333
0 0.748437 0.654167 0.006250 0.008333
0 0.760938 0.656250 0.006250 0.008333
0 0.831250 0.677083 0.006250 0.008333
0 0.803125 0.685417 0.006250 0.008333
0 0.764062 0.704167 0.006250 0.008333
0 0.726562 0.747917 0.006250 0.008333
0 0.698438 0.718750 0.006250 0.008333
0 0.679688 0.743750 0.006250 0.008333
0 0.681250 0.756250 0.012500 0.016667
0 0.648438 0.745833 0.006250 0.008333
0 0.640625 0.772917 0.012500 0.016667
0 0.628125 0.735417 0.006250 0.008333
0 0.609375 0.741667 0.006250 0.008333
0 0.600000 0.725000 0.006250 0.008333
0 0.592187 0.733333 0.006250 0.008333
0 0.584375 0.735417 0.006250 0.008333
0 0.560937 0.733333 0.006250 0.008333
0 0.543750 0.750000 0.012500 0.016667
0 0.540625 0.752083 0.012500 0.016667
0 0.528125 0.775000 0.012500 0.016667
0 0.531250 0.708333 0.006250 0.008333
0 0.531250 0.710417 0.006250 0.008333
0 0.520312 0.725000 0.006250 0.008333
0 0.507812 0.735417 0.006250 0.008333
0 0.490625 0.743750 0.006250 0.008333
0 0.500000 0.768750 0.012500 0.016667
0 0.485938 0.775000 0.012500 0.016667
0 0.481250 0.785417 0.012500 0.016667
0 0.831250 0.770833 0.012500 0.016667
0 0.840625 0.804167 0.012500 0.016667
0 0.926562 0.766667 0.012500 0.016667
0 0.781250 0.847917 0.012500 0.016667
0 0.787500 0.897917 0.012500 0.016667
0 0.965625 0.839583 0.012500 0.016667
0 0.957812 0.841667 0.012500 0.016667
0 0.940625 0.831250 0.012500 0.016667
0 0.945312 0.852083 0.012500 0.016667
0 0.923438 0.854167 0.012500 0.016667
0 0.903125 0.891667 0.012500 0.016667
0 0.971875 0.941667 0.012500 0.016667