0 0.175000 0.681250 0.006250 0.008333
0 0.184375 0.708333 0.006250 0.008333
0 0.306250 0.672917 0.006250 0.008333
0 0.376563 0.635417 0.006250 0.008333
0 0.365625 0.702083 0.006250 0.008333
0 0.356250 0.708333 0.006250 0.008333
0 0.440625 0.652083 0.006250 0.008333
0 0.831250 0.677083 0.006250 0.008333
0 0.806250 0.685417 0.006250 0.008333
0 0.757812 0.656250 0.006250 0.008333
0 0.748437 0.654167 0.006250 0.008333
0 0.701562 0.650000 0.006250 0.008333
0 0.715625 0.664583 0.006250 0.008333
0 0.690625 0.658333 0.006250 0.008333
0 0.656250 0.679167 0.006250 0.008333
0 0.642188 0.672917 0.006250 0.008333
0 0.615625 0.660417 0.006250 0.008333
0 0.607812 0.654167 0.006250 0.008333
0 0.585938 0.643750 0.006250 0.008333
0 0.582812 0.654167 0.006250 0.008333
0 0.560937 0.650000 0.006250 0.008333
0 0.501563 0.645833 0.006250 0.008333
0 0.496875 0.650000 0.006250 0.008333
0 0.490625 0.654167 0.006250 0.008333
0 0.446875 0.679167 0.006250 0.008333
0 0.512500 0.672917 0.006250 0.008333
0 0.629687 0.687500 0.006250 0.008333
0 0.760938 0.704167 0.006250 0.008333
0 0.840625 0.756250 0.012500 0.016667
0 0.831250 0.766667 0.012500 0.016667
0 0.781250 0.847917 0.012500 0.016667
0 0.739062 0.739583 0.006250 0.008333
0 0.725000 0.747917 0.006250 0.008333
0 0.696875 0.718750 0.006250 0.008333
0 0.678125 0.745833 0.006250 0.008333
0 0.679688 0.756250 0.012500 0.016667
0 0.675000 0.756250 0.012500 0.016667
0 0.679688 0.812500 0.012500 0.016667
0 0.628125 0.700000 0.006250 0.008333
0 0.621875 0.706250 0.006250 0.008333
0 0.617188 0.706250 0.006250 0.008333
0 0.610938 0.710417 0.006250 0.008333
0 0.612500 0.702083 0.006250 0.008333
0 0.595313 0.689583 0.006250 0.008333
0 0.582812 0.697917 0.006250 0.008333
0 0.578125 0.695833 0.006250 0.008333
0 0.579688 0.716667 0.006250 0.008333
0 0.562500 0.714583 0.006250 0.008333
0 0.550000 0.702083 0.006250 0.008333
0 0.542188 0.697917 0.006250 0.008333
0 0.532813 0.697917 0.006250 0.008333
0 0.531250 0.712500 0.006250 0.008333
0 0.510938 0.691667 0.006250 0.008333
0 0.503125 0.687500 0.006250 0.008333
0 0.495312 0.697917 0.006250 0.008333
0 0.489063 0.689583 0.006250 0.008333
0 0.504687 0.708333 0.006250 0.008333
0 0.509375 0.716667 0.006250 0.008333
0 0.496875 0.716667 0.006250 0.008333
0 0.456250 0.712500 0.006250 0.008333
0 0.431250 0.741667 0.006250 0.008333
0 0.500000 0.743750 0.006250 0.008333
0 0.470313 0.750000 0.012500 0.016667
0 0.454688 0.756250 0.012500 0.016667
0 0.621875 0.729167 0.006250 0.008333
0 0.626563 0.733333 0.006250 0.008333
0 0.650000 0.743750 0.006250 0.008333
0 0.651563 0.770833 0.012500 0.016667
0 0.640625 0.770833 0.012500 0.016667
0 0.618750 0.789583 0.012500 0.016667
0 0.614062 0.762500 0.012500 0.016667
0 0.612500 0.737500 0.006250 0.008333
0 0.600000 0.739583 0.006250 0.008333
0 0.593750 0.754167 0.012500 0.016667
0 0.568750 0.741667 0.006250 0.008333
0 0.510938 0.775000 0.012500 0.016667
0 0.506250 0.783333 0.012500 0.016667
0 0.492188 0.772917 0.012500 0.016667
0 0.484375 0.777083 0.012500 0.016667
0 0.481250 0.768750 0.012500 0.016667
0 0.948438 0.768750 0.012500 0.016667
0 0.926562 0.766667 0.012500 0.016667
0 0.964063 0.837500 0.012500 0.016667
0 0.959375 0.841667 0.012500 0.016667
0 0.939063 0.831250 0.012500 0.016667
0 0.946875 0.850000 0.012500 0.016667
0 0.921875 0.854167 0.012500 0.016667
0 0.903125 0.889583 0.012500 0.016667