0 0.931250 0.643750 0.006250 0.008333
0 0.981250 0.704167 0.006250 0.008333
0 0.920312 0.683333 0.006250 0.008333
0 0.914062 0.720833 0.006250 0.008333
0 0.893750 0.714583 0.006250 0.008333
0 0.970313 0.781250 0.012500 0.016667
0 0.960938 0.775000 0.012500 0.016667
0 0.964063 0.835417 0.012500 0.016667
0 0.957812 0.837500 0.012500 0.016667
0 0.918750 0.854167 0.012500 0.016667
0 0.815625 0.804167 0.012500 0.016667
0 0.829688 0.672917 0.006250 0.008333
0 0.803125 0.687500 0.006250 0.008333
0 0.793750 0.641667 0.006250 0.008333
0 0.742188 0.635417 0.006250 0.008333
0 0.734375 0.635417 0.006250 0.008333
0 0.748437 0.652083 0.006250 0.008333
0 0.700000 0.650000 0.006250 0.008333
0 0.714063 0.666667 0.006250 0.008333
0 0.715625 0.677083 0.006250 0.008333
0 0.696875 0.693750 0.006250 0.008333
0 0.701562 0.702083 0.006250 0.008333
0 0.695312 0.716667 0.006250 0.008333
0 0.726562 0.747917 0.006250 0.008333
0 0.754687 0.760417 0.012500 0.016667
0 0.657813 0.737500 0.006250 0.008333
0 0.632812 0.806250 0.012500 0.016667
0 0.629687 0.802083 0.012500 0.016667
0 0.631250 0.820833 0.012500 0.016667
0 0.617188 0.808333 0.012500 0.016667
0 0.654687 0.697917 0.006250 0.008333
0 0.640625 0.670833 0.006250 0.008333
0 0.635938 0.637500 0.006250 0.008333
0 0.615625 0.662500 0.006250 0.008333
0 0.612500 0.658333 0.006250 0.008333
0 0.609375 0.647917 0.006250 0.008333
0 0.621875 0.706250 0.006250 0.008333
0 0.617188 0.700000 0.006250 0.008333
0 0.610938 0.710417 0.006250 0.008333
0 0.606250 0.697917 0.006250 0.008333
0 0.596875 0.695833 0.006250 0.008333
0 0.581250 0.652083 0.006250 0.008333
0 0.585938 0.735417 0.006250 0.008333
0 0.564063 0.708333 0.006250 0.008333
0 0.560937 0.714583 0.006250 0.008333
0 0.546875 0.708333 0.006250 0.008333
0 0.559375 0.647917 0.006250 0.008333
0 0.550000 0.666667 0.006250 0.008333
0 0.539062 0.668750 0.006250 0.008333
0 0.528125 0.662500 0.006250 0.008333
0 0.518750 0.637500 0.006250 0.008333
0 0.534375 0.695833 0.006250 0.008333
0 0.532813 0.706250 0.006250 0.008333
0 0.529687 0.710417 0.006250 0.008333
0 0.521875 0.722917 0.006250 0.008333
0 0.539062 0.754167 0.012500 0.016667
0 0.485938 0.779167 0.012500 0.016667
0 0.454688 0.758333 0.012500 0.016667
0 0.512500 0.672917 0.006250 0.008333
0 0.509375 0.664583 0.006250 0.008333
0 0.510938 0.685417 0.006250 0.008333
0 0.509375 0.691667 0.006250 0.008333
0 0.498437 0.714583 0.006250 0.008333
0 0.501563 0.647917 0.006250 0.008333
0 0.498437 0.650000 0.006250 0.008333
0 0.492188 0.650000 0.006250 0.008333
0 0.492188 0.687500 0.006250 0.008333
0 0.453125 0.633333 0.006250 0.008333
0 0.473438 0.666667 0.006250 0.008333
0 0.478125 0.685417 0.006250 0.008333
0 0.475000 0.691667 0.006250 0.008333
0 0.445312 0.677083 0.006250 0.008333
0 0.439063 0.666667 0.006250 0.008333
0 0.432812 0.660417 0.006250 0.008333
0 0.421875 0.662500 0.006250 0.008333
0 0.412500 0.641667 0.006250 0.008333
0 0.435937 0.704167 0.006250 0.008333
0 0.404687 0.712500 0.006250 0.008333
0 0.389062 0.718750 0.006250 0.008333
0 0.378125 0.725000 0.006250 0.008333
0 0.345313 0.720833 0.006250 0.008333
0 0.309375 0.720833 0.006250 0.008333
0 0.307812 0.670833 0.006250 0.008333
0 0.351562 0.652083 0.006250 0.008333
0 0.339062 0.639583 0.006250 0.008333
0 0.251563 0.662500 0.006250 0.008333
0 0.101562 0.706250 0.006250 0.008333
0 0.064062 0.725000 0.006250 0.008333