0 0.928125 0.764583 0.012500 0.016667
0 0.967187 0.835417 0.012500 0.016667
0 0.956250 0.841667 0.012500 0.016667
0 0.945312 0.852083 0.012500 0.016667
0 0.921875 0.854167 0.012500 0.016667
0 0.925000 0.914583 0.012500 0.016667
0 0.831250 0.679167 0.006250 0.008333
0 0.803125 0.687500 0.006250 0.008333
0 0.757812 0.650000 0.006250 0.008333
0 0.746875 0.654167 0.006250 0.008333
0 0.714063 0.666667 0.006250 0.008333
0 0.701562 0.654167 0.006250 0.008333
0 0.689063 0.658333 0.006250 0.008333
0 0.714063 0.700000 0.006250 0.008333
0 0.829688 0.770833 0.012500 0.016667
0 0.726562 0.745833 0.006250 0.008333
0 0.779687 0.847917 0.012500 0.016667
0 0.696875 0.718750 0.006250 0.008333
0 0.673438 0.720833 0.006250 0.008333
0 0.656250 0.741667 0.006250 0.008333
0 0.640625 0.670833 0.006250 0.008333
0 0.614062 0.660417 0.006250 0.008333
0 0.609375 0.652083 0.006250 0.008333
0 0.587500 0.643750 0.006250 0.008333
0 0.578125 0.637500 0.006250 0.008333
0 0.581250 0.656250 0.006250 0.008333
0 0.565625 0.662500 0.006250 0.008333
0 0.560937 0.650000 0.006250 0.008333
0 0.548438 0.677083 0.006250 0.008333
0 0.540625 0.681250 0.006250 0.008333
0 0.520312 0.662500 0.006250 0.008333
0 0.501563 0.647917 0.006250 0.008333
0 0.496875 0.650000 0.006250 0.008333
0 0.492188 0.652083 0.006250 0.008333
0 0.496875 0.660417 0.006250 0.008333
0 0.501563 0.664583 0.006250 0.008333
0 0.507812 0.664583 0.006250 0.008333
0 0.512500 0.677083 0.006250 0.008333
0 0.512500 0.687500 0.006250 0.008333
0 0.503125 0.679167 0.006250 0.008333
0 0.492188 0.683333 0.006250 0.008333
0 0.496875 0.693750 0.006250 0.008333
0 0.496875 0.714583 0.006250 0.008333
0 0.476562 0.687500 0.006250 0.008333
0 0.478125 0.693750 0.006250 0.008333
0 0.475000 0.702083 0.006250 0.008333
0 0.464062 0.637500 0.006250 0.008333
0 0.450000 0.633333 0.006250 0.008333
0 0.410938 0.641667 0.006250 0.008333
0 0.390625 0.635417 0.006250 0.008333
0 0.439063 0.647917 0.006250 0.008333
0 0.425000 0.662500 0.006250 0.008333
0 0.440625 0.666667 0.006250 0.008333
0 0.445312 0.679167 0.006250 0.008333
0 0.435937 0.704167 0.006250 0.008333
0 0.426563 0.708333 0.006250 0.008333
0 0.453125 0.722917 0.006250 0.008333
0 0.429688 0.737500 0.006250 0.008333
0 0.456250 0.758333 0.012500 0.016667
0 0.550000 0.702083 0.006250 0.008333
0 0.542188 0.693750 0.006250 0.008333
0 0.532813 0.693750 0.006250 0.008333
0 0.542188 0.706250 0.006250 0.008333
0 0.531250 0.706250 0.006250 0.008333
0 0.521875 0.720833 0.006250 0.008333
0 0.492188 0.787500 0.012500 0.016667
0 0.484375 0.781250 0.012500 0.016667
0 0.354687 0.816667 0.012500 0.016667
0 0.378125 0.697917 0.006250 0.008333
0 0.359375 0.708333 0.006250 0.008333
0 0.356250 0.727083 0.006250 0.008333
0 0.351562 0.652083 0.006250 0.008333
0 0.337500 0.639583 0.006250 0.008333
0 0.300000 0.656250 0.006250 0.008333
0 0.306250 0.670833 0.006250 0.008333
0 0.295312 0.725000 0.006250 0.008333
0 0.623437 0.704167 0.006250 0.008333
0 0.610938 0.708333 0.006250 0.008333
0 0.607812 0.700000 0.006250 0.008333
0 0.601562 0.691667 0.006250 0.008333
0 0.592187 0.693750 0.006250 0.008333
0 0.584375 0.695833 0.006250 0.008333
0 0.560937 0.714583 0.006250 0.008333
0 0.621875 0.737500 0.006250 0.008333
0 0.593750 0.727083 0.006250 0.008333
0 0.585938 0.735417 0.006250 0.008333
0 0.557813 0.741667 0.006250 0.008333
0 0.539062 0.752083 0.012500 0.016667
0 0.550000 0.777083 0.012500 0.016667
0 0.573438 0.831250 0.012500 0.016667
0 0.643750 0.827083 0.012500 0.016667
0 0.632812 0.806250 0.012500 0.016667
0 0.626563 0.804167 0.012500 0.016667
0 0.615625 0.808333 0.012500 0.016667