0 0.967187 0.837500 0.012500 0.016667
0 0.954688 0.841667 0.012500 0.016667
0 0.939063 0.829167 0.012500 0.016667
0 0.948438 0.854167 0.012500 0.016667
0 0.971875 0.941667 0.012500 0.016667
0 0.893750 0.937500 0.012500 0.016667
0 0.903125 0.889583 0.012500 0.016667
0 0.921875 0.854167 0.012500 0.016667
0 0.910937 0.820833 0.012500 0.016667
0 0.929688 0.762500 0.012500 0.016667
0 0.828125 0.770833 0.012500 0.016667
0 0.781250 0.847917 0.012500 0.016667
0 0.831250 0.679167 0.006250 0.008333
0 0.804688 0.687500 0.006250 0.008333
0 0.757812 0.654167 0.006250 0.008333
0 0.748437 0.654167 0.006250 0.008333
0 0.762500 0.704167 0.006250 0.008333
0 0.726562 0.745833 0.006250 0.008333
0 0.715625 0.664583 0.006250 0.008333
0 0.703125 0.652083 0.006250 0.008333
0 0.689063 0.658333 0.006250 0.008333
0 0.700000 0.702083 0.006250 0.008333
0 0.698438 0.716667 0.006250 0.008333
0 0.679688 0.741667 0.006250 0.008333
0 0.681250 0.760417 0.012500 0.016667
0 0.614062 0.660417 0.006250 0.008333
0 0.609375 0.650000 0.006250 0.008333
0 0.585938 0.643750 0.006250 0.008333
0 0.579688 0.656250 0.006250 0.008333
0 0.559375 0.650000 0.006250 0.008333
0 0.501563 0.647917 0.006250 0.008333
0 0.496875 0.650000 0.006250 0.008333
0 0.490625 0.652083 0.006250 0.008333
0 0.440625 0.652083 0.006250 0.008333
0 0.314063 0.668750 0.006250 0.008333
0 0.304688 0.670833 0.006250 0.008333
0 0.181250 0.708333 0.006250 0.008333
0 0.267188 0.754167 0.012500 0.016667
0 0.357812 0.708333 0.006250 0.008333
0 0.445312 0.679167 0.006250 0.008333
0 0.435937 0.704167 0.006250 0.008333
0 0.429688 0.706250 0.006250 0.008333
0 0.596875 0.693750 0.006250 0.008333
0 0.595313 0.702083 0.006250 0.008333
0 0.587500 0.693750 0.006250 0.008333
0 0.584375 0.689583 0.006250 0.008333
0 0.581250 0.697917 0.006250 0.008333
0 0.576562 0.693750 0.006250 0.008333
0 0.600000 0.735417 0.006250 0.008333
0 0.593750 0.737500 0.006250 0.008333
0 0.570312 0.706250 0.006250 0.008333
0 0.562500 0.712500 0.006250 0.008333
0 0.559375 0.739583 0.006250 0.008333
0 0.567187 0.772917 0.012500 0.016667
0 0.545312 0.747917 0.006250 0.008333
0 0.539062 0.750000 0.012500 0.016667
0 0.495312 0.743750 0.006250 0.008333
0 0.548438 0.702083 0.006250 0.008333
0 0.546875 0.672917 0.006250 0.008333
0 0.540625 0.697917 0.006250 0.008333
0 0.532813 0.693750 0.006250 0.008333
0 0.529687 0.712500 0.006250 0.008333
0 0.523438 0.693750 0.006250 0.008333
0 0.515625 0.720833 0.006250 0.008333
0 0.515625 0.687500 0.006250 0.008333
0 0.510938 0.689583 0.006250 0.008333
0 0.507812 0.683333 0.006250 0.008333
0 0.490625 0.685417 0.006250 0.008333
0 0.476562 0.687500 0.006250 0.008333
0 0.495312 0.693750 0.006250 0.008333
0 0.498437 0.712500 0.006250 0.008333
0 0.456250 0.720833 0.006250 0.008333
0 0.451562 0.725000 0.006250 0.008333
0 0.431250 0.737500 0.006250 0.008333
0 0.454688 0.758333 0.012500 0.016667
0 0.500000 0.770833 0.012500 0.016667
0 0.498437 0.783333 0.012500 0.016667
0 0.485938 0.775000 0.012500 0.016667