0 0.985938 0.731250 0.006250 0.008333
0 0.929688 0.766667 0.012500 0.016667
0 0.965625 0.837500 0.012500 0.016667
0 0.956250 0.841667 0.012500 0.016667
0 0.945312 0.852083 0.012500 0.016667
0 0.921875 0.829167 0.012500 0.016667
0 0.921875 0.852083 0.012500 0.016667
0 0.970313 0.937500 0.012500 0.016667
0 0.851562 0.887500 0.012500 0.016667
0 0.779687 0.845833 0.012500 0.016667
0 0.829688 0.768750 0.012500 0.016667
0 0.831250 0.679167 0.006250 0.008333
0 0.803125 0.687500 0.006250 0.008333
0 0.757812 0.654167 0.006250 0.008333
0 0.746875 0.654167 0.006250 0.008333
0 0.762500 0.702083 0.006250 0.008333
0 0.717187 0.664583 0.006250 0.008333
0 0.700000 0.652083 0.006250 0.008333
0 0.690625 0.658333 0.006250 0.008333
0 0.725000 0.747917 0.006250 0.008333
0 0.696875 0.716667 0.006250 0.008333
0 0.679688 0.741667 0.006250 0.008333
0 0.650000 0.745833 0.006250 0.008333
0 0.639062 0.770833 0.012500 0.016667
0 0.642188 0.670833 0.006250 0.008333
0 0.614062 0.658333 0.006250 0.008333
0 0.609375 0.654167 0.006250 0.008333
0 0.621875 0.704167 0.006250 0.008333
0 0.626563 0.735417 0.006250 0.008333
0 0.617188 0.716667 0.006250 0.008333
0 0.612500 0.710417 0.006250 0.008333
0 0.607812 0.700000 0.006250 0.008333
0 0.604688 0.693750 0.006250 0.008333
0 0.595313 0.700000 0.006250 0.008333
0 0.609375 0.758333 0.012500 0.016667
0 0.521875 0.658333 0.006250 0.008333
0 0.501563 0.647917 0.006250 0.008333
0 0.495312 0.652083 0.006250 0.008333
0 0.487500 0.652083 0.006250 0.008333
0 0.496875 0.660417 0.006250 0.008333
0 0.506250 0.672917 0.006250 0.008333
0 0.512500 0.675000 0.006250 0.008333
0 0.512500 0.683333 0.006250 0.008333
0 0.500000 0.683333 0.006250 0.008333
0 0.493750 0.683333 0.006250 0.008333
0 0.493750 0.697917 0.006250 0.008333
0 0.478125 0.685417 0.006250 0.008333
0 0.503125 0.708333 0.006250 0.008333
0 0.535937 0.695833 0.006250 0.008333
0 0.535937 0.712500 0.006250 0.008333
0 0.529687 0.718750 0.006250 0.008333
0 0.521875 0.722917 0.006250 0.008333
0 0.514062 0.810417 0.012500 0.016667
0 0.539062 0.752083 0.012500 0.016667
0 0.503125 0.766667 0.012500 0.016667
0 0.498437 0.716667 0.006250 0.008333
0 0.485938 0.779167 0.012500 0.016667
0 0.479687 0.720833 0.006250 0.008333
0 0.453125 0.722917 0.006250 0.008333
0 0.440625 0.645833 0.006250 0.008333
0 0.440625 0.664583 0.006250 0.008333
0 0.446875 0.679167 0.006250 0.008333
0 0.423438 0.660417 0.006250 0.008333
0 0.437500 0.706250 0.006250 0.008333
0 0.426563 0.706250 0.006250 0.008333
0 0.429688 0.741667 0.006250 0.008333
0 0.453125 0.758333 0.012500 0.016667
0 0.460938 0.783333 0.012500 0.016667
0 0.351562 0.654167 0.006250 0.008333
0 0.300000 0.654167 0.006250 0.008333
0 0.306250 0.670833 0.006250 0.008333
0 0.357812 0.708333 0.006250 0.008333
0 0.348438 0.802083 0.012500 0.016667
0 0.368750 0.827083 0.012500 0.016667
0 0.323437 0.862500 0.012500 0.016667
0 0.270313 0.747917 0.006250 0.008333
0 0.253125 0.750000 0.012500 0.016667