0 0.781250 0.850000 0.012500 0.016667
0 0.732812 0.841667 0.012500 0.016667
0 0.731250 0.814583 0.012500 0.016667
0 0.621875 0.743750 0.006250 0.008333
0 0.612500 0.739583 0.006250 0.008333
0 0.607812 0.743750 0.006250 0.008333
0 0.618750 0.706250 0.006250 0.008333
0 0.612500 0.708333 0.006250 0.008333
0 0.642188 0.668750 0.006250 0.008333
0 0.607812 0.652083 0.006250 0.008333
0 0.600000 0.708333 0.006250 0.008333
0 0.584375 0.695833 0.006250 0.008333
0 0.578125 0.695833 0.006250 0.008333
0 0.578125 0.672917 0.006250 0.008333
0 0.543750 0.708333 0.006250 0.008333
0 0.537500 0.706250 0.006250 0.008333
0 0.532813 0.708333 0.006250 0.008333
0 0.528125 0.716667 0.006250 0.008333
0 0.523438 0.710417 0.006250 0.008333
0 0.548438 0.689583 0.006250 0.008333
0 0.542188 0.689583 0.006250 0.008333
0 0.535937 0.689583 0.006250 0.008333
0 0.531250 0.693750 0.006250 0.008333
0 0.521875 0.685417 0.006250 0.008333
0 0.512500 0.687500 0.006250 0.008333
0 0.518750 0.677083 0.006250 0.008333
0 0.503125 0.735417 0.006250 0.008333