0 0.304688 0.670833 0.006250 0.008333
0 0.204687 0.714583 0.006250 0.008333
0 0.359375 0.706250 0.006250 0.008333
0 0.437500 0.650000 0.006250 0.008333
0 0.445312 0.681250 0.006250 0.008333
0 0.437500 0.704167 0.006250 0.008333
0 0.426563 0.706250 0.006250 0.008333
0 0.429688 0.741667 0.006250 0.008333
0 0.368750 0.825000 0.012500 0.016667
0 0.575000 0.800000 0.012500 0.016667
0 0.781250 0.850000 0.012500 0.016667
0 0.831250 0.768750 0.012500 0.016667
0 0.925000 0.766667 0.012500 0.016667
0 0.940625 0.831250 0.012500 0.016667
0 0.965625 0.839583 0.012500 0.016667
0 0.954688 0.839583 0.012500 0.016667
0 0.948438 0.852083 0.012500 0.016667
0 0.925000 0.856250 0.012500 0.016667
0 0.903125 0.891667 0.012500 0.016667
0 0.971875 0.941667 0.012500 0.016667
0 0.829688 0.679167 0.006250 0.008333
0 0.804688 0.685417 0.006250 0.008333
0 0.759375 0.652083 0.006250 0.008333
0 0.748437 0.652083 0.006250 0.008333
0 0.762500 0.704167 0.006250 0.008333
0 0.726562 0.745833 0.006250 0.008333
0 0.698438 0.716667 0.006250 0.008333
0 0.714063 0.666667 0.006250 0.008333
0 0.703125 0.650000 0.006250 0.008333
0 0.689063 0.658333 0.006250 0.008333
0 0.653125 0.681250 0.006250 0.008333
0 0.640625 0.672917 0.006250 0.008333
0 0.612500 0.656250 0.006250 0.008333
0 0.615625 0.658333 0.006250 0.008333
0 0.610938 0.650000 0.006250 0.008333
0 0.585938 0.645833 0.006250 0.008333
0 0.579688 0.656250 0.006250 0.008333
0 0.565625 0.660417 0.006250 0.008333
0 0.559375 0.652083 0.006250 0.008333
0 0.526563 0.662500 0.006250 0.008333
0 0.542188 0.666667 0.006250 0.008333
0 0.546875 0.670833 0.006250 0.008333
0 0.550000 0.677083 0.006250 0.008333
0 0.514062 0.683333 0.006250 0.008333
0 0.509375 0.687500 0.006250 0.008333
0 0.507812 0.683333 0.006250 0.008333
0 0.495312 0.695833 0.006250 0.008333
0 0.492188 0.685417 0.006250 0.008333
0 0.475000 0.689583 0.006250 0.008333
0 0.503125 0.647917 0.006250 0.008333
0 0.498437 0.650000 0.006250 0.008333
0 0.498437 0.712500 0.006250 0.008333
0 0.479687 0.727083 0.006250 0.008333
0 0.465625 0.716667 0.006250 0.008333
0 0.450000 0.720833 0.006250 0.008333
0 0.456250 0.758333 0.012500 0.016667
0 0.462500 0.787500 0.012500 0.016667
0 0.501563 0.768750 0.012500 0.016667
0 0.482812 0.779167 0.012500 0.016667
0 0.681250 0.754167 0.012500 0.016667
0 0.679688 0.743750 0.006250 0.008333
0 0.659375 0.758333 0.012500 0.016667
0 0.640625 0.772917 0.012500 0.016667
0 0.650000 0.737500 0.006250 0.008333
0 0.625000 0.735417 0.006250 0.008333
0 0.623437 0.708333 0.006250 0.008333
0 0.610938 0.708333 0.006250 0.008333
0 0.609375 0.697917 0.006250 0.008333
0 0.604688 0.691667 0.006250 0.008333
0 0.596875 0.697917 0.006250 0.008333
0 0.592187 0.693750 0.006250 0.008333
0 0.584375 0.697917 0.006250 0.008333
0 0.579688 0.693750 0.006250 0.008333
0 0.578125 0.708333 0.006250 0.008333
0 0.565625 0.714583 0.006250 0.008333
0 0.560937 0.716667 0.006250 0.008333
0 0.550000 0.700000 0.006250 0.008333
0 0.540625 0.697917 0.006250 0.008333
0 0.534375 0.693750 0.006250 0.008333
0 0.539062 0.704167 0.006250 0.008333
0 0.535937 0.712500 0.006250 0.008333
0 0.529687 0.710417 0.006250 0.008333
0 0.520312 0.727083 0.006250 0.008333
0 0.590625 0.733333 0.006250 0.008333
0 0.573438 0.729167 0.006250 0.008333
0 0.545312 0.750000 0.012500 0.016667
0 0.539062 0.752083 0.012500 0.016667