0 0.781250 0.852083 0.012500 0.016667
0 0.734375 0.843750 0.012500 0.016667
0 0.731250 0.812500 0.012500 0.016667
0 0.621875 0.743750 0.006250 0.008333
0 0.612500 0.743750 0.006250 0.008333
0 0.604688 0.745833 0.006250 0.008333
0 0.620313 0.704167 0.006250 0.008333
0 0.610938 0.708333 0.006250 0.008333
0 0.600000 0.702083 0.006250 0.008333
0 0.593750 0.681250 0.006250 0.008333
0 0.589063 0.687500 0.006250 0.008333
0 0.575000 0.677083 0.006250 0.008333
0 0.573438 0.685417 0.006250 0.008333
0 0.585938 0.679167 0.006250 0.008333
0 0.581250 0.691667 0.006250 0.008333
0 0.542188 0.710417 0.006250 0.008333
0 0.537500 0.708333 0.006250 0.008333
0 0.528125 0.720833 0.006250 0.008333
0 0.531250 0.710417 0.006250 0.008333
0 0.525000 0.712500 0.006250 0.008333
0 0.503125 0.739583 0.006250 0.008333