0 0.829688 0.677083 0.006250 0.008333
0 0.792188 0.641667 0.006250 0.008333
0 0.803125 0.685417 0.006250 0.008333
0 0.757812 0.656250 0.006250 0.008333
0 0.746875 0.654167 0.006250 0.008333
0 0.743750 0.633333 0.006250 0.008333
0 0.731250 0.633333 0.006250 0.008333
0 0.706250 0.645833 0.006250 0.008333
0 0.703125 0.654167 0.006250 0.008333
0 0.715625 0.668750 0.006250 0.008333
0 0.689063 0.660417 0.006250 0.008333
0 0.696875 0.693750 0.006250 0.008333
0 0.696875 0.718750 0.006250 0.008333
0 0.725000 0.745833 0.006250 0.008333
0 0.657813 0.739583 0.006250 0.008333
0 0.643750 0.827083 0.012500 0.016667
0 0.632812 0.806250 0.012500 0.016667
0 0.628125 0.804167 0.012500 0.016667
0 0.615625 0.808333 0.012500 0.016667
0 0.573438 0.835417 0.012500 0.016667
0 0.635938 0.641667 0.006250 0.008333
0 0.642188 0.672917 0.006250 0.008333
0 0.609375 0.635417 0.006250 0.008333
0 0.609375 0.654167 0.006250 0.008333
0 0.612500 0.660417 0.006250 0.008333
0 0.585938 0.645833 0.006250 0.008333
0 0.582812 0.660417 0.006250 0.008333
0 0.565625 0.662500 0.006250 0.008333
0 0.560937 0.654167 0.006250 0.008333
0 0.623437 0.708333 0.006250 0.008333
0 0.612500 0.708333 0.006250 0.008333
0 0.607812 0.700000 0.006250 0.008333
0 0.603125 0.695833 0.006250 0.008333
0 0.590625 0.697917 0.006250 0.008333
0 0.584375 0.697917 0.006250 0.008333
0 0.585938 0.733333 0.006250 0.008333
0 0.550000 0.779167 0.012500 0.016667
0 0.540625 0.752083 0.012500 0.016667
0 0.562500 0.710417 0.006250 0.008333
0 0.554688 0.702083 0.006250 0.008333
0 0.548438 0.702083 0.006250 0.008333
0 0.542188 0.697917 0.006250 0.008333
0 0.543750 0.681250 0.006250 0.008333
0 0.539062 0.670833 0.006250 0.008333
0 0.535937 0.691667 0.006250 0.008333
0 0.532813 0.706250 0.006250 0.008333
0 0.529687 0.710417 0.006250 0.008333
0 0.520312 0.722917 0.006250 0.008333
0 0.518750 0.635417 0.006250 0.008333
0 0.521875 0.662500 0.006250 0.008333
0 0.514062 0.675000 0.006250 0.008333
0 0.512500 0.689583 0.006250 0.008333
0 0.509375 0.666667 0.006250 0.008333
0 0.503125 0.650000 0.006250 0.008333
0 0.498437 0.650000 0.006250 0.008333
0 0.490625 0.650000 0.006250 0.008333
0 0.476562 0.664583 0.006250 0.008333
0 0.501563 0.683333 0.006250 0.008333
0 0.492188 0.683333 0.006250 0.008333
0 0.496875 0.693750 0.006250 0.008333
0 0.512500 0.720833 0.006250 0.008333
0 0.498437 0.716667 0.006250 0.008333
0 0.476562 0.687500 0.006250 0.008333
0 0.479687 0.693750 0.006250 0.008333
0 0.476562 0.704167 0.006250 0.008333
0 0.493750 0.787500 0.012500 0.016667
0 0.484375 0.781250 0.012500 0.016667
0 0.456250 0.760417 0.012500 0.016667
0 0.453125 0.725000 0.006250 0.008333
0 0.451562 0.633333 0.006250 0.008333
0 0.440625 0.650000 0.006250 0.008333
0 0.440625 0.666667 0.006250 0.008333
0 0.446875 0.679167 0.006250 0.008333
0 0.437500 0.704167 0.006250 0.008333
0 0.412500 0.641667 0.006250 0.008333
0 0.425000 0.666667 0.006250 0.008333
0 0.404687 0.714583 0.006250 0.008333
0 0.390625 0.718750 0.006250 0.008333
0 0.387500 0.727083 0.006250 0.008333
0 0.376563 0.725000 0.006250 0.008333
0 0.359375 0.708333 0.006250 0.008333
0 0.351562 0.654167 0.006250 0.008333
0 0.335938 0.641667 0.006250 0.008333
0 0.345313 0.720833 0.006250 0.008333
0 0.309375 0.718750 0.006250 0.008333
0 0.306250 0.670833 0.006250 0.008333
0 0.301563 0.658333 0.006250 0.008333
0 0.251563 0.664583 0.006250 0.008333
0 0.100000 0.708333 0.006250 0.008333
0 0.062500 0.725000 0.006250 0.008333