0 0.981250 0.704167 0.006250 0.008333
0 0.965625 0.839583 0.012500 0.016667
0 0.957812 0.839583 0.012500 0.016667
0 0.918750 0.850000 0.012500 0.016667
0 0.929688 0.764583 0.012500 0.016667
0 0.893750 0.716667 0.006250 0.008333
0 0.831250 0.677083 0.006250 0.008333
0 0.792188 0.639583 0.006250 0.008333
0 0.742188 0.635417 0.006250 0.008333
0 0.731250 0.635417 0.006250 0.008333
0 0.746875 0.650000 0.006250 0.008333
0 0.801562 0.685417 0.006250 0.008333
0 0.829688 0.770833 0.012500 0.016667
0 0.815625 0.800000 0.012500 0.016667
0 0.726562 0.747917 0.006250 0.008333
0 0.714063 0.664583 0.006250 0.008333
0 0.714063 0.670833 0.006250 0.008333
0 0.701562 0.652083 0.006250 0.008333
0 0.695312 0.693750 0.006250 0.008333
0 0.701562 0.706250 0.006250 0.008333
0 0.696875 0.720833 0.006250 0.008333
0 0.690625 0.710417 0.006250 0.008333
0 0.656250 0.737500 0.006250 0.008333
0 0.629687 0.820833 0.012500 0.016667
0 0.632812 0.806250 0.012500 0.016667
0 0.628125 0.802083 0.012500 0.016667
0 0.614062 0.806250 0.012500 0.016667
0 0.653125 0.702083 0.006250 0.008333
0 0.642188 0.672917 0.006250 0.008333
0 0.637500 0.641667 0.006250 0.008333
0 0.614062 0.660417 0.006250 0.008333
0 0.609375 0.652083 0.006250 0.008333
0 0.625000 0.706250 0.006250 0.008333
0 0.615625 0.700000 0.006250 0.008333
0 0.612500 0.706250 0.006250 0.008333
0 0.607812 0.700000 0.006250 0.008333
0 0.598437 0.697917 0.006250 0.008333
0 0.582812 0.656250 0.006250 0.008333
0 0.560937 0.650000 0.006250 0.008333
0 0.562500 0.662500 0.006250 0.008333
0 0.539062 0.668750 0.006250 0.008333
0 0.534375 0.658333 0.006250 0.008333
0 0.518750 0.633333 0.006250 0.008333
0 0.523438 0.660417 0.006250 0.008333
0 0.503125 0.647917 0.006250 0.008333
0 0.496875 0.650000 0.006250 0.008333
0 0.489063 0.650000 0.006250 0.008333
0 0.507812 0.664583 0.006250 0.008333
0 0.514062 0.675000 0.006250 0.008333
0 0.509375 0.685417 0.006250 0.008333
0 0.534375 0.693750 0.006250 0.008333
0 0.554688 0.702083 0.006250 0.008333
0 0.550000 0.712500 0.006250 0.008333
0 0.545312 0.702083 0.006250 0.008333
0 0.540625 0.710417 0.006250 0.008333
0 0.534375 0.704167 0.006250 0.008333
0 0.529687 0.706250 0.006250 0.008333
0 0.518750 0.720833 0.006250 0.008333
0 0.539062 0.752083 0.012500 0.016667
0 0.556250 0.779167 0.012500 0.016667
0 0.582812 0.733333 0.006250 0.008333
0 0.485938 0.779167 0.012500 0.016667
0 0.454688 0.758333 0.012500 0.016667
0 0.496875 0.712500 0.006250 0.008333
0 0.492188 0.687500 0.006250 0.008333
0 0.475000 0.685417 0.006250 0.008333
0 0.475000 0.693750 0.006250 0.008333
0 0.475000 0.662500 0.006250 0.008333
0 0.451562 0.633333 0.006250 0.008333
0 0.410938 0.641667 0.006250 0.008333
0 0.423438 0.664583 0.006250 0.008333
0 0.432812 0.664583 0.006250 0.008333
0 0.442188 0.664583 0.006250 0.008333
0 0.443750 0.675000 0.006250 0.008333
0 0.437500 0.706250 0.006250 0.008333
0 0.404687 0.710417 0.006250 0.008333
0 0.389062 0.718750 0.006250 0.008333
0 0.378125 0.729167 0.006250 0.008333
0 0.343750 0.718750 0.006250 0.008333
0 0.353125 0.650000 0.006250 0.008333
0 0.335938 0.639583 0.006250 0.008333
0 0.304688 0.670833 0.006250 0.008333
0 0.310937 0.718750 0.006250 0.008333
0 0.253125 0.660417 0.006250 0.008333
0 0.101562 0.704167 0.006250 0.008333
0 0.064062 0.722917 0.006250 0.008333