0 0.981250 0.702083 0.006250 0.008333
0 0.968750 0.775000 0.012500 0.016667
0 0.950000 0.768750 0.012500 0.016667
0 0.940625 0.775000 0.012500 0.016667
0 0.965625 0.837500 0.012500 0.016667
0 0.957812 0.843750 0.012500 0.016667
0 0.921875 0.852083 0.012500 0.016667
0 0.914062 0.720833 0.006250 0.008333
0 0.890625 0.714583 0.006250 0.008333
0 0.921875 0.683333 0.006250 0.008333
0 0.932813 0.645833 0.006250 0.008333
0 0.832812 0.677083 0.006250 0.008333
0 0.792188 0.641667 0.006250 0.008333
0 0.804688 0.687500 0.006250 0.008333
0 0.815625 0.804167 0.012500 0.016667
0 0.754687 0.760417 0.012500 0.016667
0 0.726562 0.747917 0.006250 0.008333
0 0.746875 0.654167 0.006250 0.008333
0 0.743750 0.635417 0.006250 0.008333
0 0.732812 0.633333 0.006250 0.008333
0 0.703125 0.650000 0.006250 0.008333
0 0.715625 0.664583 0.006250 0.008333
0 0.715625 0.670833 0.006250 0.008333
0 0.696875 0.691667 0.006250 0.008333
0 0.703125 0.702083 0.006250 0.008333
0 0.700000 0.718750 0.006250 0.008333
0 0.654687 0.700000 0.006250 0.008333
0 0.656250 0.739583 0.006250 0.008333
0 0.642188 0.670833 0.006250 0.008333
0 0.637500 0.637500 0.006250 0.008333
0 0.615625 0.660417 0.006250 0.008333
0 0.615625 0.658333 0.006250 0.008333
0 0.609375 0.654167 0.006250 0.008333
0 0.621875 0.704167 0.006250 0.008333
0 0.615625 0.700000 0.006250 0.008333
0 0.609375 0.708333 0.006250 0.008333
0 0.606250 0.697917 0.006250 0.008333
0 0.598437 0.700000 0.006250 0.008333
0 0.581250 0.656250 0.006250 0.008333
0 0.560937 0.650000 0.006250 0.008333
0 0.551562 0.664583 0.006250 0.008333
0 0.540625 0.670833 0.006250 0.008333
0 0.585938 0.733333 0.006250 0.008333
0 0.564063 0.708333 0.006250 0.008333
0 0.562500 0.712500 0.006250 0.008333
0 0.546875 0.706250 0.006250 0.008333
0 0.532813 0.693750 0.006250 0.008333
0 0.534375 0.706250 0.006250 0.008333
0 0.529687 0.706250 0.006250 0.008333
0 0.520312 0.722917 0.006250 0.008333
0 0.540625 0.752083 0.012500 0.016667
0 0.632812 0.804167 0.012500 0.016667
0 0.629687 0.802083 0.012500 0.016667
0 0.631250 0.820833 0.012500 0.016667
0 0.617188 0.806250 0.012500 0.016667
0 0.485938 0.779167 0.012500 0.016667
0 0.500000 0.714583 0.006250 0.008333
0 0.510938 0.687500 0.006250 0.008333
0 0.512500 0.685417 0.006250 0.008333
0 0.514062 0.675000 0.006250 0.008333
0 0.528125 0.660417 0.006250 0.008333
0 0.520312 0.637500 0.006250 0.008333
0 0.507812 0.666667 0.006250 0.008333
0 0.503125 0.650000 0.006250 0.008333
0 0.498437 0.650000 0.006250 0.008333
0 0.490625 0.650000 0.006250 0.008333
0 0.492188 0.687500 0.006250 0.008333
0 0.476562 0.664583 0.006250 0.008333
0 0.476562 0.687500 0.006250 0.008333
0 0.475000 0.691667 0.006250 0.008333
0 0.451562 0.633333 0.006250 0.008333
0 0.410938 0.639583 0.006250 0.008333
0 0.445312 0.677083 0.006250 0.008333
0 0.440625 0.664583 0.006250 0.008333
0 0.432812 0.662500 0.006250 0.008333
0 0.423438 0.662500 0.006250 0.008333
0 0.435937 0.702083 0.006250 0.008333
0 0.456250 0.758333 0.012500 0.016667
0 0.403125 0.712500 0.006250 0.008333
0 0.390625 0.718750 0.006250 0.008333
0 0.379688 0.725000 0.006250 0.008333
0 0.343750 0.718750 0.006250 0.008333
0 0.309375 0.720833 0.006250 0.008333
0 0.353125 0.650000 0.006250 0.008333
0 0.335938 0.641667 0.006250 0.008333
0 0.307812 0.670833 0.006250 0.008333
0 0.253125 0.662500 0.006250 0.008333
0 0.101562 0.706250 0.006250 0.008333
0 0.062500 0.722917 0.006250 0.008333