0 0.779687 0.847917 0.012500 0.016667
0 0.731250 0.845833 0.012500 0.016667
0 0.728125 0.816667 0.012500 0.016667
0 0.621875 0.743750 0.006250 0.008333
0 0.612500 0.743750 0.006250 0.008333
0 0.606250 0.741667 0.006250 0.008333
0 0.620313 0.706250 0.006250 0.008333
0 0.612500 0.706250 0.006250 0.008333
0 0.600000 0.706250 0.006250 0.008333
0 0.600000 0.597917 0.006250 0.008333
0 0.587500 0.600000 0.006250 0.008333
0 0.585938 0.695833 0.006250 0.008333
0 0.579688 0.695833 0.006250 0.008333
0 0.543750 0.708333 0.006250 0.008333
0 0.537500 0.708333 0.006250 0.008333
0 0.528125 0.716667 0.006250 0.008333
0 0.525000 0.710417 0.006250 0.008333
0 0.503125 0.739583 0.006250 0.008333
0 0.578125 0.677083 0.006250 0.008333
0 0.565625 0.679167 0.006250 0.008333
0 0.560937 0.672917 0.006250 0.008333
0 0.550000 0.683333 0.006250 0.008333
0 0.559375 0.689583 0.006250 0.008333
0 0.556250 0.685417 0.006250 0.008333
0 0.553125 0.670833 0.006250 0.008333
0 0.565625 0.679167 0.006250 0.008333