0 0.779687 0.852083 0.012500 0.016667
0 0.732812 0.843750 0.012500 0.016667
0 0.729688 0.814583 0.012500 0.016667
0 0.621875 0.743750 0.006250 0.008333
0 0.617188 0.737500 0.006250 0.008333
0 0.612500 0.743750 0.006250 0.008333
0 0.606250 0.743750 0.006250 0.008333
0 0.504687 0.737500 0.006250 0.008333
0 0.525000 0.710417 0.006250 0.008333
0 0.528125 0.714583 0.006250 0.008333
0 0.532813 0.706250 0.006250 0.008333
0 0.539062 0.710417 0.006250 0.008333
0 0.543750 0.710417 0.006250 0.008333
0 0.600000 0.706250 0.006250 0.008333
0 0.612500 0.706250 0.006250 0.008333
0 0.617188 0.710417 0.006250 0.008333
0 0.581250 0.681250 0.006250 0.008333
0 0.582812 0.685417 0.006250 0.008333
0 0.593750 0.687500 0.006250 0.008333
0 0.587500 0.677083 0.006250 0.008333
0 0.582812 0.668750 0.006250 0.008333
0 0.576562 0.677083 0.006250 0.008333
0 0.573438 0.681250 0.006250 0.008333
0 0.576562 0.670833 0.006250 0.008333