0 0.950000 0.764583 0.012500 0.016667
0 0.926562 0.768750 0.012500 0.016667
0 0.918750 0.762500 0.012500 0.016667
0 0.965625 0.839583 0.012500 0.016667
0 0.956250 0.839583 0.012500 0.016667
0 0.939063 0.833333 0.012500 0.016667
0 0.945312 0.850000 0.012500 0.016667
0 0.921875 0.854167 0.012500 0.016667
0 0.903125 0.893750 0.012500 0.016667
0 0.831250 0.768750 0.012500 0.016667
0 0.781250 0.847917 0.012500 0.016667
0 0.831250 0.677083 0.006250 0.008333
0 0.804688 0.687500 0.006250 0.008333
0 0.759375 0.652083 0.006250 0.008333
0 0.748437 0.654167 0.006250 0.008333
0 0.762500 0.704167 0.006250 0.008333
0 0.715625 0.666667 0.006250 0.008333
0 0.704688 0.652083 0.006250 0.008333
0 0.690625 0.658333 0.006250 0.008333
0 0.656250 0.679167 0.006250 0.008333
0 0.642188 0.672917 0.006250 0.008333
0 0.614062 0.660417 0.006250 0.008333
0 0.609375 0.652083 0.006250 0.008333
0 0.585938 0.643750 0.006250 0.008333
0 0.584375 0.658333 0.006250 0.008333
0 0.559375 0.647917 0.006250 0.008333
0 0.742188 0.741667 0.006250 0.008333
0 0.726562 0.745833 0.006250 0.008333
0 0.698438 0.718750 0.006250 0.008333
0 0.679688 0.739583 0.006250 0.008333
0 0.681250 0.756250 0.012500 0.016667
0 0.675000 0.752083 0.012500 0.016667
0 0.696875 0.827083 0.012500 0.016667
0 0.648438 0.745833 0.006250 0.008333
0 0.651563 0.770833 0.012500 0.016667
0 0.650000 0.795833 0.012500 0.016667
0 0.642188 0.768750 0.012500 0.016667
0 0.634375 0.762500 0.012500 0.016667
0 0.631250 0.689583 0.006250 0.008333
0 0.626563 0.697917 0.006250 0.008333
0 0.623437 0.706250 0.006250 0.008333
0 0.617188 0.706250 0.006250 0.008333
0 0.612500 0.708333 0.006250 0.008333
0 0.612500 0.702083 0.006250 0.008333
0 0.621875 0.725000 0.006250 0.008333
0 0.626563 0.733333 0.006250 0.008333
0 0.609375 0.739583 0.006250 0.008333
0 0.600000 0.741667 0.006250 0.008333
0 0.601562 0.754167 0.012500 0.016667
0 0.596875 0.691667 0.006250 0.008333
0 0.582812 0.697917 0.006250 0.008333
0 0.576562 0.693750 0.006250 0.008333
0 0.578125 0.716667 0.006250 0.008333
0 0.570312 0.739583 0.006250 0.008333
0 0.560937 0.714583 0.006250 0.008333
0 0.551562 0.697917 0.006250 0.008333
0 0.540625 0.695833 0.006250 0.008333
0 0.534375 0.693750 0.006250 0.008333
0 0.531250 0.712500 0.006250 0.008333
0 0.501563 0.647917 0.006250 0.008333
0 0.496875 0.650000 0.006250 0.008333
0 0.492188 0.650000 0.006250 0.008333
0 0.510938 0.672917 0.006250 0.008333
0 0.510938 0.685417 0.006250 0.008333
0 0.501563 0.689583 0.006250 0.008333
0 0.496875 0.695833 0.006250 0.008333
0 0.490625 0.685417 0.006250 0.008333
0 0.510938 0.716667 0.006250 0.008333
0 0.503125 0.706250 0.006250 0.008333
0 0.498437 0.712500 0.006250 0.008333
0 0.500000 0.745833 0.006250 0.008333
0 0.518750 0.777083 0.012500 0.016667
0 0.506250 0.783333 0.012500 0.016667
0 0.495312 0.772917 0.012500 0.016667
0 0.485938 0.777083 0.012500 0.016667
0 0.476562 0.770833 0.012500 0.016667
0 0.468750 0.745833 0.006250 0.008333
0 0.454688 0.758333 0.012500 0.016667
0 0.429688 0.741667 0.006250 0.008333
0 0.456250 0.710417 0.006250 0.008333
0 0.446875 0.679167 0.006250 0.008333
0 0.439063 0.650000 0.006250 0.008333
0 0.375000 0.635417 0.006250 0.008333
0 0.306250 0.670833 0.006250 0.008333
0 0.365625 0.702083 0.006250 0.008333
0 0.359375 0.708333 0.006250 0.008333
0 0.267188 0.752083 0.012500 0.016667