0 0.778125 0.850000 0.012500 0.016667
0 0.731250 0.843750 0.012500 0.016667
0 0.731250 0.810417 0.012500 0.016667
0 0.620313 0.743750 0.006250 0.008333
0 0.612500 0.737500 0.006250 0.008333
0 0.606250 0.743750 0.006250 0.008333
0 0.618750 0.706250 0.006250 0.008333
0 0.612500 0.708333 0.006250 0.008333
0 0.642188 0.672917 0.006250 0.008333
0 0.609375 0.650000 0.006250 0.008333
0 0.600000 0.706250 0.006250 0.008333
0 0.584375 0.695833 0.006250 0.008333
0 0.578125 0.691667 0.006250 0.008333
0 0.578125 0.670833 0.006250 0.008333
0 0.545312 0.708333 0.006250 0.008333
0 0.548438 0.689583 0.006250 0.008333
0 0.542188 0.689583 0.006250 0.008333
0 0.534375 0.691667 0.006250 0.008333
0 0.529687 0.681250 0.006250 0.008333
0 0.523438 0.689583 0.006250 0.008333
0 0.521875 0.679167 0.006250 0.008333
0 0.512500 0.679167 0.006250 0.008333
0 0.529687 0.714583 0.006250 0.008333
0 0.523438 0.708333 0.006250 0.008333
0 0.531250 0.708333 0.006250 0.008333
0 0.537500 0.710417 0.006250 0.008333
0 0.503125 0.739583 0.006250 0.008333