0 0.781250 0.847917 0.012500 0.016667
0 0.731250 0.843750 0.012500 0.016667
0 0.731250 0.818750 0.012500 0.016667
0 0.621875 0.743750 0.006250 0.008333
0 0.612500 0.743750 0.006250 0.008333
0 0.606250 0.739583 0.006250 0.008333
0 0.618750 0.704167 0.006250 0.008333
0 0.612500 0.706250 0.006250 0.008333
0 0.600000 0.704167 0.006250 0.008333
0 0.584375 0.695833 0.006250 0.008333
0 0.578125 0.693750 0.006250 0.008333
0 0.578125 0.672917 0.006250 0.008333
0 0.607812 0.652083 0.006250 0.008333
0 0.640625 0.602083 0.006250 0.008333
0 0.556250 0.693750 0.006250 0.008333
0 0.543750 0.710417 0.006250 0.008333
0 0.537500 0.710417 0.006250 0.008333
0 0.529687 0.718750 0.006250 0.008333
0 0.525000 0.710417 0.006250 0.008333
0 0.543750 0.689583 0.006250 0.008333
0 0.535937 0.687500 0.006250 0.008333
0 0.503125 0.737500 0.006250 0.008333
0 0.514062 0.685417 0.006250 0.008333
0 0.503125 0.670833 0.006250 0.008333
0 0.517188 0.668750 0.006250 0.008333
0 0.512500 0.672917 0.006250 0.008333
0 0.507812 0.677083 0.006250 0.008333
0 0.634375 0.604167 0.006250 0.008333