0 0.781250 0.852083 0.012500 0.016667
0 0.731250 0.843750 0.012500 0.016667
0 0.728125 0.814583 0.012500 0.016667
0 0.698438 0.718750 0.006250 0.008333
0 0.623437 0.745833 0.006250 0.008333
0 0.617188 0.737500 0.006250 0.008333
0 0.612500 0.741667 0.006250 0.008333
0 0.601562 0.745833 0.006250 0.008333
0 0.656250 0.681250 0.006250 0.008333
0 0.642188 0.670833 0.006250 0.008333
0 0.629687 0.687500 0.006250 0.008333
0 0.629687 0.697917 0.006250 0.008333
0 0.620313 0.706250 0.006250 0.008333
0 0.612500 0.708333 0.006250 0.008333
0 0.601562 0.704167 0.006250 0.008333
0 0.609375 0.652083 0.006250 0.008333
0 0.584375 0.695833 0.006250 0.008333
0 0.579688 0.693750 0.006250 0.008333
0 0.578125 0.672917 0.006250 0.008333
0 0.548438 0.702083 0.006250 0.008333
0 0.540625 0.712500 0.006250 0.008333
0 0.503125 0.737500 0.006250 0.008333
0 0.523438 0.693750 0.006250 0.008333
0 0.532813 0.685417 0.006250 0.008333
0 0.531250 0.695833 0.006250 0.008333
0 0.542188 0.695833 0.006250 0.008333
0 0.543750 0.702083 0.006250 0.008333
0 0.534375 0.708333 0.006250 0.008333
0 0.537500 0.702083 0.006250 0.008333