0 0.781250 0.850000 0.012500 0.016667
0 0.731250 0.845833 0.012500 0.016667
0 0.731250 0.816667 0.012500 0.016667
0 0.621875 0.745833 0.006250 0.008333
0 0.617188 0.737500 0.006250 0.008333
0 0.610938 0.743750 0.006250 0.008333
0 0.606250 0.739583 0.006250 0.008333
0 0.618750 0.708333 0.006250 0.008333
0 0.612500 0.708333 0.006250 0.008333
0 0.600000 0.708333 0.006250 0.008333
0 0.595313 0.693750 0.006250 0.008333
0 0.587500 0.687500 0.006250 0.008333
0 0.582812 0.697917 0.006250 0.008333
0 0.581250 0.693750 0.006250 0.008333
0 0.575000 0.675000 0.006250 0.008333
0 0.542188 0.710417 0.006250 0.008333
0 0.535937 0.708333 0.006250 0.008333
0 0.528125 0.718750 0.006250 0.008333
0 0.523438 0.706250 0.006250 0.008333
0 0.503125 0.739583 0.006250 0.008333
0 0.534375 0.691667 0.006250 0.008333
0 0.545312 0.681250 0.006250 0.008333
0 0.531250 0.681250 0.006250 0.008333
0 0.539062 0.681250 0.006250 0.008333