0 0.062500 0.722917 0.006250 0.008333
0 0.100000 0.708333 0.006250 0.008333
0 0.251563 0.660417 0.006250 0.008333
0 0.300000 0.656250 0.006250 0.008333
0 0.304688 0.672917 0.006250 0.008333
0 0.309375 0.714583 0.006250 0.008333
0 0.381250 0.687500 0.006250 0.008333
0 0.379688 0.702083 0.006250 0.008333
0 0.393750 0.710417 0.006250 0.008333
0 0.406250 0.710417 0.006250 0.008333
0 0.921875 0.852083 0.012500 0.016667
0 0.957812 0.841667 0.012500 0.016667
0 0.965625 0.839583 0.012500 0.016667
0 0.929688 0.766667 0.012500 0.016667
0 0.842187 0.814583 0.012500 0.016667
0 0.829688 0.768750 0.012500 0.016667
0 0.829688 0.677083 0.006250 0.008333
0 0.804688 0.687500 0.006250 0.008333
0 0.792188 0.639583 0.006250 0.008333
0 0.742188 0.633333 0.006250 0.008333
0 0.731250 0.635417 0.006250 0.008333
0 0.757812 0.656250 0.006250 0.008333
0 0.746875 0.654167 0.006250 0.008333
0 0.706250 0.647917 0.006250 0.008333
0 0.703125 0.650000 0.006250 0.008333
0 0.687500 0.658333 0.006250 0.008333
0 0.714063 0.664583 0.006250 0.008333
0 0.696875 0.695833 0.006250 0.008333
0 0.696875 0.718750 0.006250 0.008333
0 0.726562 0.747917 0.006250 0.008333
0 0.656250 0.739583 0.006250 0.008333
0 0.642188 0.822917 0.012500 0.016667
0 0.632812 0.806250 0.012500 0.016667
0 0.628125 0.802083 0.012500 0.016667
0 0.615625 0.808333 0.012500 0.016667
0 0.573438 0.833333 0.012500 0.016667
0 0.550000 0.781250 0.012500 0.016667
0 0.539062 0.752083 0.012500 0.016667
0 0.585938 0.733333 0.006250 0.008333
0 0.623437 0.706250 0.006250 0.008333
0 0.640625 0.670833 0.006250 0.008333
0 0.637500 0.639583 0.006250 0.008333
0 0.609375 0.633333 0.006250 0.008333
0 0.609375 0.654167 0.006250 0.008333
0 0.615625 0.660417 0.006250 0.008333
0 0.587500 0.643750 0.006250 0.008333
0 0.582812 0.656250 0.006250 0.008333
0 0.564063 0.660417 0.006250 0.008333
0 0.560937 0.650000 0.006250 0.008333
0 0.612500 0.706250 0.006250 0.008333
0 0.607812 0.697917 0.006250 0.008333
0 0.604688 0.693750 0.006250 0.008333
0 0.590625 0.697917 0.006250 0.008333
0 0.582812 0.693750 0.006250 0.008333
0 0.562500 0.714583 0.006250 0.008333
0 0.554688 0.702083 0.006250 0.008333
0 0.546875 0.702083 0.006250 0.008333
0 0.542188 0.695833 0.006250 0.008333
0 0.543750 0.679167 0.006250 0.008333
0 0.539062 0.672917 0.006250 0.008333
0 0.534375 0.693750 0.006250 0.008333
0 0.534375 0.706250 0.006250 0.008333
0 0.531250 0.708333 0.006250 0.008333
0 0.520312 0.725000 0.006250 0.008333
0 0.512500 0.720833 0.006250 0.008333
0 0.521875 0.660417 0.006250 0.008333
0 0.518750 0.635417 0.006250 0.008333
0 0.503125 0.647917 0.006250 0.008333
0 0.498437 0.650000 0.006250 0.008333
0 0.490625 0.654167 0.006250 0.008333
0 0.504687 0.668750 0.006250 0.008333
0 0.512500 0.677083 0.006250 0.008333
0 0.510938 0.685417 0.006250 0.008333
0 0.501563 0.683333 0.006250 0.008333
0 0.495312 0.683333 0.006250 0.008333
0 0.495312 0.697917 0.006250 0.008333
0 0.496875 0.716667 0.006250 0.008333
0 0.475000 0.664583 0.006250 0.008333
0 0.476562 0.685417 0.006250 0.008333
0 0.478125 0.691667 0.006250 0.008333
0 0.476562 0.704167 0.006250 0.008333
0 0.493750 0.787500 0.012500 0.016667
0 0.484375 0.781250 0.012500 0.016667
0 0.454688 0.758333 0.012500 0.016667
0 0.453125 0.722917 0.006250 0.008333
0 0.440625 0.697917 0.006250 0.008333
0 0.437500 0.704167 0.006250 0.008333
0 0.445312 0.677083 0.006250 0.008333
0 0.440625 0.666667 0.006250 0.008333
0 0.451562 0.633333 0.006250 0.008333
0 0.440625 0.650000 0.006250 0.008333
0 0.425000 0.662500 0.006250 0.008333
0 0.410938 0.639583 0.006250 0.008333