0 0.781250 0.850000 0.012500 0.016667
0 0.732812 0.841667 0.012500 0.016667
0 0.731250 0.812500 0.012500 0.016667
0 0.664062 0.697917 0.006250 0.008333
0 0.656250 0.679167 0.006250 0.008333
0 0.642188 0.670833 0.006250 0.008333
0 0.607812 0.650000 0.006250 0.008333
0 0.629687 0.687500 0.006250 0.008333
0 0.628125 0.697917 0.006250 0.008333
0 0.620313 0.706250 0.006250 0.008333
0 0.612500 0.706250 0.006250 0.008333
0 0.620313 0.743750 0.006250 0.008333
0 0.615625 0.733333 0.006250 0.008333
0 0.612500 0.741667 0.006250 0.008333
0 0.603125 0.741667 0.006250 0.008333
0 0.601562 0.706250 0.006250 0.008333
0 0.584375 0.697917 0.006250 0.008333
0 0.579688 0.695833 0.006250 0.008333
0 0.579688 0.675000 0.006250 0.008333
0 0.504687 0.739583 0.006250 0.008333
0 0.532813 0.712500 0.006250 0.008333
0 0.543750 0.695833 0.006250 0.008333
0 0.553125 0.697917 0.006250 0.008333
0 0.546875 0.702083 0.006250 0.008333
0 0.528125 0.689583 0.006250 0.008333
0 0.532813 0.700000 0.006250 0.008333
0 0.540625 0.697917 0.006250 0.008333
0 0.531250 0.710417 0.006250 0.008333
0 0.528125 0.706250 0.006250 0.008333