0 0.981250 0.702083 0.006250 0.008333
0 0.932813 0.647917 0.006250 0.008333
0 0.920312 0.681250 0.006250 0.008333
0 0.925000 0.766667 0.012500 0.016667
0 0.964063 0.839583 0.012500 0.016667
0 0.956250 0.839583 0.012500 0.016667
0 0.920312 0.852083 0.012500 0.016667
0 0.831250 0.768750 0.012500 0.016667
0 0.817187 0.802083 0.012500 0.016667
0 0.829688 0.677083 0.006250 0.008333
0 0.790625 0.641667 0.006250 0.008333
0 0.801562 0.685417 0.006250 0.008333
0 0.743750 0.633333 0.006250 0.008333
0 0.748437 0.654167 0.006250 0.008333
0 0.726562 0.745833 0.006250 0.008333
0 0.712500 0.666667 0.006250 0.008333
0 0.712500 0.670833 0.006250 0.008333
0 0.696875 0.716667 0.006250 0.008333
0 0.656250 0.739583 0.006250 0.008333
0 0.632812 0.820833 0.012500 0.016667
0 0.632812 0.804167 0.012500 0.016667
0 0.629687 0.802083 0.012500 0.016667
0 0.614062 0.806250 0.012500 0.016667
0 0.642188 0.670833 0.006250 0.008333
0 0.635938 0.639583 0.006250 0.008333
0 0.615625 0.662500 0.006250 0.008333
0 0.609375 0.654167 0.006250 0.008333
0 0.623437 0.708333 0.006250 0.008333
0 0.615625 0.693750 0.006250 0.008333
0 0.612500 0.708333 0.006250 0.008333
0 0.607812 0.700000 0.006250 0.008333
0 0.596875 0.697917 0.006250 0.008333
0 0.585938 0.733333 0.006250 0.008333
0 0.548438 0.779167 0.012500 0.016667
0 0.540625 0.752083 0.012500 0.016667
0 0.582812 0.656250 0.006250 0.008333
0 0.565625 0.660417 0.006250 0.008333
0 0.560937 0.650000 0.006250 0.008333
0 0.559375 0.681250 0.006250 0.008333
0 0.559375 0.697917 0.006250 0.008333
0 0.554688 0.704167 0.006250 0.008333
0 0.559375 0.712500 0.006250 0.008333
0 0.518750 0.635417 0.006250 0.008333
0 0.540625 0.670833 0.006250 0.008333
0 0.531250 0.658333 0.006250 0.008333
0 0.521875 0.662500 0.006250 0.008333
0 0.532813 0.695833 0.006250 0.008333
0 0.534375 0.704167 0.006250 0.008333
0 0.531250 0.710417 0.006250 0.008333
0 0.520312 0.718750 0.006250 0.008333
0 0.520312 0.725000 0.006250 0.008333
0 0.507812 0.666667 0.006250 0.008333
0 0.512500 0.675000 0.006250 0.008333
0 0.510938 0.687500 0.006250 0.008333
0 0.504687 0.704167 0.006250 0.008333
0 0.498437 0.714583 0.006250 0.008333
0 0.500000 0.647917 0.006250 0.008333
0 0.496875 0.652083 0.006250 0.008333
0 0.490625 0.652083 0.006250 0.008333
0 0.492188 0.685417 0.006250 0.008333
0 0.476562 0.664583 0.006250 0.008333
0 0.450000 0.635417 0.006250 0.008333
0 0.412500 0.641667 0.006250 0.008333
0 0.478125 0.687500 0.006250 0.008333
0 0.476562 0.693750 0.006250 0.008333
0 0.478125 0.704167 0.006250 0.008333
0 0.484375 0.781250 0.012500 0.016667
0 0.454688 0.756250 0.012500 0.016667
0 0.445312 0.679167 0.006250 0.008333
0 0.440625 0.666667 0.006250 0.008333
0 0.432812 0.664583 0.006250 0.008333
0 0.421875 0.662500 0.006250 0.008333
0 0.437500 0.702083 0.006250 0.008333
0 0.403125 0.714583 0.006250 0.008333
0 0.389062 0.718750 0.006250 0.008333
0 0.387500 0.725000 0.006250 0.008333
0 0.379688 0.725000 0.006250 0.008333
0 0.343750 0.720833 0.006250 0.008333
0 0.351562 0.650000 0.006250 0.008333
0 0.335938 0.637500 0.006250 0.008333
0 0.306250 0.670833 0.006250 0.008333
0 0.309375 0.716667 0.006250 0.008333
0 0.253125 0.662500 0.006250 0.008333
0 0.101562 0.708333 0.006250 0.008333
0 0.062500 0.725000 0.006250 0.008333