0 0.982812 0.704167 0.006250 0.008333
0 0.932813 0.647917 0.006250 0.008333
0 0.960938 0.777083 0.012500 0.016667
0 0.970313 0.781250 0.012500 0.016667
0 0.962500 0.837500 0.012500 0.016667
0 0.985938 0.860417 0.012500 0.016667
0 0.920312 0.854167 0.012500 0.016667
0 0.914062 0.722917 0.006250 0.008333
0 0.895312 0.716667 0.006250 0.008333
0 0.821875 0.687500 0.006250 0.008333
0 0.803125 0.687500 0.006250 0.008333
0 0.792188 0.639583 0.006250 0.008333
0 0.742188 0.633333 0.006250 0.008333
0 0.732812 0.635417 0.006250 0.008333
0 0.748437 0.652083 0.006250 0.008333
0 0.815625 0.804167 0.012500 0.016667
0 0.728125 0.745833 0.006250 0.008333
0 0.715625 0.666667 0.006250 0.008333
0 0.714063 0.672917 0.006250 0.008333
0 0.695312 0.693750 0.006250 0.008333
0 0.700000 0.706250 0.006250 0.008333
0 0.695312 0.718750 0.006250 0.008333
0 0.653125 0.700000 0.006250 0.008333
0 0.656250 0.741667 0.006250 0.008333
0 0.645312 0.658333 0.006250 0.008333
0 0.640625 0.670833 0.006250 0.008333
0 0.614062 0.658333 0.006250 0.008333
0 0.609375 0.650000 0.006250 0.008333
0 0.581250 0.658333 0.006250 0.008333
0 0.562500 0.650000 0.006250 0.008333
0 0.515625 0.633333 0.006250 0.008333
0 0.528125 0.662500 0.006250 0.008333
0 0.539062 0.672917 0.006250 0.008333
0 0.551562 0.664583 0.006250 0.008333
0 0.637500 0.708333 0.006250 0.008333
0 0.623437 0.708333 0.006250 0.008333
0 0.615625 0.700000 0.006250 0.008333
0 0.610938 0.710417 0.006250 0.008333
0 0.607812 0.695833 0.006250 0.008333
0 0.596875 0.695833 0.006250 0.008333
0 0.584375 0.733333 0.006250 0.008333
0 0.565625 0.708333 0.006250 0.008333
0 0.559375 0.712500 0.006250 0.008333
0 0.543750 0.706250 0.006250 0.008333
0 0.534375 0.695833 0.006250 0.008333
0 0.535937 0.708333 0.006250 0.008333
0 0.528125 0.708333 0.006250 0.008333
0 0.521875 0.725000 0.006250 0.008333
0 0.540625 0.750000 0.012500 0.016667
0 0.625000 0.802083 0.012500 0.016667
0 0.632812 0.810417 0.012500 0.016667
0 0.632812 0.822917 0.012500 0.016667
0 0.615625 0.808333 0.012500 0.016667
0 0.500000 0.650000 0.006250 0.008333
0 0.495312 0.652083 0.006250 0.008333
0 0.490625 0.654167 0.006250 0.008333
0 0.453125 0.631250 0.006250 0.008333
0 0.410938 0.639583 0.006250 0.008333
0 0.353125 0.652083 0.006250 0.008333
0 0.253125 0.660417 0.006250 0.008333
0 0.100000 0.706250 0.006250 0.008333
0 0.064062 0.722917 0.006250 0.008333
0 0.421875 0.664583 0.006250 0.008333
0 0.431250 0.664583 0.006250 0.008333
0 0.437500 0.664583 0.006250 0.008333
0 0.446875 0.679167 0.006250 0.008333
0 0.473438 0.662500 0.006250 0.008333
0 0.506250 0.666667 0.006250 0.008333
0 0.514062 0.677083 0.006250 0.008333
0 0.510938 0.689583 0.006250 0.008333
0 0.493750 0.685417 0.006250 0.008333
0 0.476562 0.687500 0.006250 0.008333
0 0.475000 0.691667 0.006250 0.008333
0 0.496875 0.716667 0.006250 0.008333
0 0.484375 0.781250 0.012500 0.016667
0 0.456250 0.760417 0.012500 0.016667
0 0.437500 0.702083 0.006250 0.008333
0 0.429688 0.714583 0.006250 0.008333
0 0.428125 0.756250 0.012500 0.016667
0 0.404687 0.712500 0.006250 0.008333
0 0.387500 0.720833 0.006250 0.008333
0 0.381250 0.727083 0.006250 0.008333