0 0.306250 0.668750 0.006250 0.008333
0 0.296875 0.691667 0.006250 0.008333
0 0.268750 0.752083 0.012500 0.016667
0 0.192188 0.710417 0.006250 0.008333
0 0.971875 0.941667 0.012500 0.016667
0 0.964063 0.835417 0.012500 0.016667
0 0.957812 0.841667 0.012500 0.016667
0 0.948438 0.852083 0.012500 0.016667
0 0.921875 0.854167 0.012500 0.016667
0 0.939063 0.833333 0.012500 0.016667
0 0.926562 0.764583 0.012500 0.016667
0 0.903125 0.893750 0.012500 0.016667
0 0.831250 0.768750 0.012500 0.016667
0 0.831250 0.677083 0.006250 0.008333
0 0.804688 0.687500 0.006250 0.008333
0 0.757812 0.652083 0.006250 0.008333
0 0.746875 0.656250 0.006250 0.008333
0 0.762500 0.704167 0.006250 0.008333
0 0.768750 0.785417 0.012500 0.016667
0 0.781250 0.847917 0.012500 0.016667
0 0.690625 0.856250 0.012500 0.016667
0 0.726562 0.747917 0.006250 0.008333
0 0.696875 0.716667 0.006250 0.008333
0 0.714063 0.666667 0.006250 0.008333
0 0.703125 0.652083 0.006250 0.008333
0 0.689063 0.658333 0.006250 0.008333
0 0.657813 0.679167 0.006250 0.008333
0 0.642188 0.670833 0.006250 0.008333
0 0.614062 0.660417 0.006250 0.008333
0 0.610938 0.650000 0.006250 0.008333
0 0.587500 0.645833 0.006250 0.008333
0 0.581250 0.656250 0.006250 0.008333
0 0.565625 0.641667 0.006250 0.008333
0 0.500000 0.645833 0.006250 0.008333
0 0.496875 0.652083 0.006250 0.008333
0 0.492188 0.652083 0.006250 0.008333
0 0.439063 0.647917 0.006250 0.008333
0 0.445312 0.679167 0.006250 0.008333
0 0.681250 0.754167 0.012500 0.016667
0 0.678125 0.745833 0.006250 0.008333
0 0.642188 0.768750 0.012500 0.016667
0 0.650000 0.743750 0.006250 0.008333
0 0.628125 0.735417 0.006250 0.008333
0 0.621875 0.706250 0.006250 0.008333
0 0.610938 0.710417 0.006250 0.008333
0 0.607812 0.697917 0.006250 0.008333
0 0.601562 0.693750 0.006250 0.008333
0 0.596875 0.697917 0.006250 0.008333
0 0.590625 0.695833 0.006250 0.008333
0 0.582812 0.697917 0.006250 0.008333
0 0.578125 0.695833 0.006250 0.008333
0 0.590625 0.731250 0.006250 0.008333
0 0.585938 0.718750 0.006250 0.008333
0 0.578125 0.725000 0.006250 0.008333
0 0.571875 0.729167 0.006250 0.008333
0 0.565625 0.729167 0.006250 0.008333
0 0.560937 0.712500 0.006250 0.008333
0 0.553125 0.681250 0.006250 0.008333
0 0.545312 0.675000 0.006250 0.008333
0 0.545312 0.670833 0.006250 0.008333
0 0.543750 0.683333 0.006250 0.008333
0 0.550000 0.700000 0.006250 0.008333
0 0.543750 0.700000 0.006250 0.008333
0 0.534375 0.693750 0.006250 0.008333
0 0.514062 0.683333 0.006250 0.008333
0 0.510938 0.689583 0.006250 0.008333
0 0.507812 0.685417 0.006250 0.008333
0 0.496875 0.695833 0.006250 0.008333
0 0.492188 0.687500 0.006250 0.008333
0 0.476562 0.687500 0.006250 0.008333
0 0.531250 0.708333 0.006250 0.008333
0 0.529687 0.712500 0.006250 0.008333
0 0.521875 0.725000 0.006250 0.008333
0 0.545312 0.750000 0.012500 0.016667
0 0.539062 0.756250 0.012500 0.016667
0 0.484375 0.735417 0.006250 0.008333
0 0.496875 0.716667 0.006250 0.008333
0 0.500000 0.770833 0.012500 0.016667
0 0.485938 0.775000 0.012500 0.016667
0 0.484375 0.781250 0.012500 0.016667
0 0.459375 0.781250 0.012500 0.016667
0 0.453125 0.758333 0.012500 0.016667
0 0.428125 0.789583 0.012500 0.016667
0 0.454688 0.716667 0.006250 0.008333
0 0.451562 0.725000 0.006250 0.008333
0 0.429688 0.741667 0.006250 0.008333
0 0.435937 0.704167 0.006250 0.008333
0 0.426563 0.706250 0.006250 0.008333