0 0.782813 0.847917 0.012500 0.016667
0 0.732812 0.843750 0.012500 0.016667
0 0.731250 0.814583 0.012500 0.016667
0 0.696875 0.718750 0.006250 0.008333
0 0.521875 0.693750 0.006250 0.008333
0 0.515625 0.693750 0.006250 0.008333
0 0.467187 0.710417 0.006250 0.008333
0 0.457813 0.710417 0.006250 0.008333
0 0.367188 0.693750 0.006250 0.008333
0 0.357812 0.689583 0.006250 0.008333
0 0.351562 0.704167 0.006250 0.008333
0 0.360938 0.710417 0.006250 0.008333
0 0.367188 0.702083 0.006250 0.008333
0 0.353125 0.697917 0.006250 0.008333
0 0.343750 0.702083 0.006250 0.008333
0 0.350000 0.710417 0.006250 0.008333