0 0.782813 0.847917 0.012500 0.016667
0 0.734375 0.843750 0.012500 0.016667
0 0.731250 0.814583 0.012500 0.016667
0 0.620313 0.745833 0.006250 0.008333
0 0.614062 0.739583 0.006250 0.008333
0 0.606250 0.739583 0.006250 0.008333
0 0.620313 0.706250 0.006250 0.008333
0 0.612500 0.706250 0.006250 0.008333
0 0.600000 0.704167 0.006250 0.008333
0 0.545312 0.706250 0.006250 0.008333
0 0.537500 0.710417 0.006250 0.008333
0 0.532813 0.704167 0.006250 0.008333
0 0.526563 0.710417 0.006250 0.008333
0 0.529687 0.718750 0.006250 0.008333
0 0.504687 0.737500 0.006250 0.008333
0 0.581250 0.689583 0.006250 0.008333
0 0.596875 0.670833 0.006250 0.008333
0 0.593750 0.681250 0.006250 0.008333
0 0.581250 0.677083 0.006250 0.008333
0 0.587500 0.681250 0.006250 0.008333
0 0.592187 0.689583 0.006250 0.008333
0 0.600000 0.687500 0.006250 0.008333
0 0.600000 0.670833 0.006250 0.008333
0 0.590625 0.670833 0.006250 0.008333