0 0.973437 0.941667 0.012500 0.016667
0 0.901563 0.893750 0.012500 0.016667
0 0.965625 0.839583 0.012500 0.016667
0 0.959375 0.839583 0.012500 0.016667
0 0.948438 0.852083 0.012500 0.016667
0 0.937500 0.829167 0.012500 0.016667
0 0.921875 0.852083 0.012500 0.016667
0 0.926562 0.764583 0.012500 0.016667
0 0.831250 0.768750 0.012500 0.016667
0 0.782813 0.850000 0.012500 0.016667
0 0.367188 0.829167 0.012500 0.016667
0 0.284375 0.818750 0.012500 0.016667
0 0.275000 0.800000 0.012500 0.016667
0 0.268750 0.752083 0.012500 0.016667
0 0.256250 0.733333 0.006250 0.008333
0 0.306250 0.672917 0.006250 0.008333
0 0.359375 0.708333 0.006250 0.008333
0 0.460938 0.647917 0.006250 0.008333
0 0.490625 0.652083 0.006250 0.008333
0 0.500000 0.650000 0.006250 0.008333
0 0.496875 0.650000 0.006250 0.008333
0 0.496875 0.658333 0.006250 0.008333
0 0.523438 0.658333 0.006250 0.008333
0 0.559375 0.647917 0.006250 0.008333
0 0.587500 0.641667 0.006250 0.008333
0 0.609375 0.654167 0.006250 0.008333
0 0.757812 0.656250 0.006250 0.008333
0 0.746875 0.650000 0.006250 0.008333
0 0.701562 0.650000 0.006250 0.008333
0 0.690625 0.658333 0.006250 0.008333
0 0.715625 0.666667 0.006250 0.008333
0 0.828125 0.677083 0.006250 0.008333
0 0.803125 0.685417 0.006250 0.008333
0 0.760938 0.704167 0.006250 0.008333
0 0.726562 0.745833 0.006250 0.008333
0 0.698438 0.716667 0.006250 0.008333
0 0.679688 0.743750 0.006250 0.008333
0 0.676562 0.756250 0.012500 0.016667
0 0.651563 0.741667 0.006250 0.008333
0 0.640625 0.768750 0.012500 0.016667
0 0.626563 0.735417 0.006250 0.008333
0 0.642188 0.672917 0.006250 0.008333
0 0.615625 0.662500 0.006250 0.008333
0 0.626563 0.679167 0.006250 0.008333
0 0.623437 0.706250 0.006250 0.008333
0 0.614062 0.708333 0.006250 0.008333
0 0.607812 0.697917 0.006250 0.008333
0 0.606250 0.693750 0.006250 0.008333
0 0.596875 0.697917 0.006250 0.008333
0 0.590625 0.697917 0.006250 0.008333
0 0.584375 0.697917 0.006250 0.008333
0 0.578125 0.695833 0.006250 0.008333
0 0.582812 0.656250 0.006250 0.008333
0 0.565625 0.660417 0.006250 0.008333
0 0.543750 0.668750 0.006250 0.008333
0 0.546875 0.672917 0.006250 0.008333
0 0.550000 0.679167 0.006250 0.008333
0 0.590625 0.733333 0.006250 0.008333
0 0.571875 0.729167 0.006250 0.008333
0 0.560937 0.712500 0.006250 0.008333
0 0.559375 0.708333 0.006250 0.008333
0 0.550000 0.702083 0.006250 0.008333
0 0.542188 0.697917 0.006250 0.008333
0 0.534375 0.693750 0.006250 0.008333
0 0.540625 0.706250 0.006250 0.008333
0 0.535937 0.714583 0.006250 0.008333
0 0.515625 0.685417 0.006250 0.008333
0 0.512500 0.687500 0.006250 0.008333
0 0.510938 0.689583 0.006250 0.008333
0 0.520312 0.725000 0.006250 0.008333
0 0.543750 0.747917 0.006250 0.008333
0 0.539062 0.750000 0.012500 0.016667
0 0.500000 0.766667 0.012500 0.016667
0 0.485938 0.779167 0.012500 0.016667
0 0.460938 0.787500 0.012500 0.016667
0 0.456250 0.760417 0.012500 0.016667
0 0.504687 0.710417 0.006250 0.008333
0 0.493750 0.685417 0.006250 0.008333
0 0.495312 0.697917 0.006250 0.008333
0 0.498437 0.714583 0.006250 0.008333
0 0.478125 0.687500 0.006250 0.008333
0 0.464062 0.679167 0.006250 0.008333
0 0.445312 0.679167 0.006250 0.008333
0 0.437500 0.704167 0.006250 0.008333
0 0.429688 0.708333 0.006250 0.008333
0 0.478125 0.718750 0.006250 0.008333
0 0.451562 0.720833 0.006250 0.008333
0 0.435937 0.727083 0.006250 0.008333
0 0.429688 0.743750 0.006250 0.008333