0 0.964063 0.839583 0.012500 0.016667
0 0.956250 0.839583 0.012500 0.016667
0 0.934375 0.852083 0.012500 0.016667
0 0.921875 0.854167 0.012500 0.016667
0 0.901563 0.891667 0.012500 0.016667
0 0.926562 0.766667 0.012500 0.016667
0 0.831250 0.677083 0.006250 0.008333
0 0.803125 0.685417 0.006250 0.008333
0 0.760938 0.654167 0.006250 0.008333
0 0.748437 0.654167 0.006250 0.008333
0 0.715625 0.666667 0.006250 0.008333
0 0.703125 0.652083 0.006250 0.008333
0 0.689063 0.658333 0.006250 0.008333
0 0.642188 0.672917 0.006250 0.008333
0 0.614062 0.660417 0.006250 0.008333
0 0.609375 0.654167 0.006250 0.008333
0 0.587500 0.643750 0.006250 0.008333
0 0.581250 0.658333 0.006250 0.008333
0 0.565625 0.660417 0.006250 0.008333
0 0.560937 0.650000 0.006250 0.008333
0 0.534375 0.650000 0.006250 0.008333
0 0.493750 0.633333 0.006250 0.008333
0 0.539062 0.668750 0.006250 0.008333
0 0.542188 0.681250 0.006250 0.008333
0 0.625000 0.704167 0.006250 0.008333
0 0.610938 0.708333 0.006250 0.008333
0 0.607812 0.697917 0.006250 0.008333
0 0.604688 0.693750 0.006250 0.008333
0 0.590625 0.697917 0.006250 0.008333
0 0.582812 0.697917 0.006250 0.008333
0 0.567187 0.710417 0.006250 0.008333
0 0.562500 0.714583 0.006250 0.008333
0 0.550000 0.702083 0.006250 0.008333
0 0.543750 0.704167 0.006250 0.008333
0 0.542188 0.693750 0.006250 0.008333
0 0.534375 0.693750 0.006250 0.008333
0 0.534375 0.706250 0.006250 0.008333
0 0.531250 0.708333 0.006250 0.008333
0 0.521875 0.722917 0.006250 0.008333
0 0.521875 0.660417 0.006250 0.008333
0 0.512500 0.675000 0.006250 0.008333
0 0.507812 0.666667 0.006250 0.008333
0 0.501563 0.647917 0.006250 0.008333
0 0.496875 0.650000 0.006250 0.008333
0 0.490625 0.652083 0.006250 0.008333
0 0.498437 0.660417 0.006250 0.008333
0 0.512500 0.687500 0.006250 0.008333
0 0.501563 0.683333 0.006250 0.008333
0 0.492188 0.687500 0.006250 0.008333
0 0.495312 0.695833 0.006250 0.008333
0 0.498437 0.714583 0.006250 0.008333
0 0.475000 0.687500 0.006250 0.008333
0 0.476562 0.693750 0.006250 0.008333
0 0.476562 0.702083 0.006250 0.008333
0 0.451562 0.635417 0.006250 0.008333
0 0.440625 0.647917 0.006250 0.008333
0 0.440625 0.666667 0.006250 0.008333
0 0.446875 0.677083 0.006250 0.008333
0 0.425000 0.662500 0.006250 0.008333
0 0.412500 0.639583 0.006250 0.008333
0 0.390625 0.635417 0.006250 0.008333
0 0.351562 0.652083 0.006250 0.008333
0 0.335938 0.637500 0.006250 0.008333
0 0.300000 0.656250 0.006250 0.008333
0 0.306250 0.670833 0.006250 0.008333
0 0.265625 0.720833 0.006250 0.008333
0 0.164062 0.722917 0.006250 0.008333
0 0.376563 0.700000 0.006250 0.008333
0 0.357812 0.708333 0.006250 0.008333
0 0.356250 0.806250 0.012500 0.016667
0 0.437500 0.704167 0.006250 0.008333
0 0.426563 0.706250 0.006250 0.008333
0 0.453125 0.722917 0.006250 0.008333
0 0.429688 0.739583 0.006250 0.008333
0 0.456250 0.756250 0.012500 0.016667
0 0.484375 0.777083 0.012500 0.016667
0 0.493750 0.785417 0.012500 0.016667
0 0.698438 0.693750 0.006250 0.008333
0 0.690625 0.695833 0.006250 0.008333
0 0.700000 0.718750 0.006250 0.008333
0 0.725000 0.747917 0.006250 0.008333
0 0.831250 0.768750 0.012500 0.016667
0 0.782813 0.845833 0.012500 0.016667
0 0.656250 0.737500 0.006250 0.008333
0 0.585938 0.735417 0.006250 0.008333
0 0.556250 0.739583 0.006250 0.008333
0 0.540625 0.750000 0.012500 0.016667
0 0.550000 0.781250 0.012500 0.016667
0 0.642188 0.827083 0.012500 0.016667
0 0.632812 0.806250 0.012500 0.016667
0 0.628125 0.802083 0.012500 0.016667
0 0.614062 0.808333 0.012500 0.016667
0 0.573438 0.831250 0.012500 0.016667