0 0.982812 0.702083 0.006250 0.008333
0 0.932813 0.647917 0.006250 0.008333
0 0.918750 0.685417 0.006250 0.008333
0 0.912500 0.722917 0.006250 0.008333
0 0.893750 0.716667 0.006250 0.008333
0 0.970313 0.779167 0.012500 0.016667
0 0.960938 0.772917 0.012500 0.016667
0 0.964063 0.837500 0.012500 0.016667
0 0.956250 0.841667 0.012500 0.016667
0 0.918750 0.850000 0.012500 0.016667
0 0.815625 0.802083 0.012500 0.016667
0 0.831250 0.677083 0.006250 0.008333
0 0.803125 0.687500 0.006250 0.008333
0 0.792188 0.641667 0.006250 0.008333
0 0.742188 0.635417 0.006250 0.008333
0 0.731250 0.635417 0.006250 0.008333
0 0.746875 0.656250 0.006250 0.008333
0 0.703125 0.650000 0.006250 0.008333
0 0.714063 0.664583 0.006250 0.008333
0 0.714063 0.675000 0.006250 0.008333
0 0.695312 0.691667 0.006250 0.008333
0 0.701562 0.702083 0.006250 0.008333
0 0.696875 0.718750 0.006250 0.008333
0 0.726562 0.745833 0.006250 0.008333
0 0.732812 0.758333 0.012500 0.016667
0 0.656250 0.741667 0.006250 0.008333
0 0.632812 0.806250 0.012500 0.016667
0 0.628125 0.802083 0.012500 0.016667
0 0.631250 0.820833 0.012500 0.016667
0 0.615625 0.806250 0.012500 0.016667
0 0.653125 0.702083 0.006250 0.008333
0 0.640625 0.670833 0.006250 0.008333
0 0.632812 0.643750 0.006250 0.008333
0 0.615625 0.660417 0.006250 0.008333
0 0.609375 0.654167 0.006250 0.008333
0 0.581250 0.656250 0.006250 0.008333
0 0.623437 0.706250 0.006250 0.008333
0 0.617188 0.700000 0.006250 0.008333
0 0.610938 0.708333 0.006250 0.008333
0 0.609375 0.700000 0.006250 0.008333
0 0.596875 0.697917 0.006250 0.008333
0 0.585938 0.733333 0.006250 0.008333
0 0.562500 0.708333 0.006250 0.008333
0 0.559375 0.712500 0.006250 0.008333
0 0.546875 0.706250 0.006250 0.008333
0 0.559375 0.650000 0.006250 0.008333
0 0.550000 0.666667 0.006250 0.008333
0 0.542188 0.670833 0.006250 0.008333
0 0.526563 0.660417 0.006250 0.008333
0 0.517188 0.633333 0.006250 0.008333
0 0.534375 0.695833 0.006250 0.008333
0 0.534375 0.706250 0.006250 0.008333
0 0.529687 0.710417 0.006250 0.008333
0 0.539062 0.752083 0.012500 0.016667
0 0.521875 0.722917 0.006250 0.008333
0 0.482812 0.779167 0.012500 0.016667
0 0.454688 0.758333 0.012500 0.016667
0 0.500000 0.714583 0.006250 0.008333
0 0.510938 0.691667 0.006250 0.008333
0 0.512500 0.687500 0.006250 0.008333
0 0.514062 0.677083 0.006250 0.008333
0 0.507812 0.666667 0.006250 0.008333
0 0.501563 0.645833 0.006250 0.008333
0 0.496875 0.650000 0.006250 0.008333
0 0.490625 0.652083 0.006250 0.008333
0 0.451562 0.633333 0.006250 0.008333
0 0.412500 0.641667 0.006250 0.008333
0 0.475000 0.664583 0.006250 0.008333
0 0.492188 0.685417 0.006250 0.008333
0 0.476562 0.685417 0.006250 0.008333
0 0.475000 0.691667 0.006250 0.008333
0 0.440625 0.664583 0.006250 0.008333
0 0.446875 0.679167 0.006250 0.008333
0 0.432812 0.662500 0.006250 0.008333
0 0.425000 0.664583 0.006250 0.008333
0 0.435937 0.704167 0.006250 0.008333
0 0.403125 0.710417 0.006250 0.008333
0 0.389062 0.720833 0.006250 0.008333
0 0.379688 0.722917 0.006250 0.008333
0 0.343750 0.718750 0.006250 0.008333
0 0.310937 0.718750 0.006250 0.008333
0 0.353125 0.652083 0.006250 0.008333
0 0.337500 0.641667 0.006250 0.008333
0 0.307812 0.668750 0.006250 0.008333
0 0.253125 0.662500 0.006250 0.008333
0 0.100000 0.706250 0.006250 0.008333
0 0.062500 0.722917 0.006250 0.008333