0 0.781250 0.852083 0.012500 0.016667
0 0.732812 0.843750 0.012500 0.016667
0 0.729688 0.814583 0.012500 0.016667
0 0.621875 0.743750 0.006250 0.008333
0 0.612500 0.743750 0.006250 0.008333
0 0.617188 0.737500 0.006250 0.008333
0 0.604688 0.743750 0.006250 0.008333
0 0.620313 0.704167 0.006250 0.008333
0 0.612500 0.710417 0.006250 0.008333
0 0.598437 0.706250 0.006250 0.008333
0 0.503125 0.737500 0.006250 0.008333
0 0.525000 0.710417 0.006250 0.008333
0 0.528125 0.718750 0.006250 0.008333
0 0.532813 0.710417 0.006250 0.008333
0 0.539062 0.710417 0.006250 0.008333
0 0.543750 0.706250 0.006250 0.008333
0 0.590625 0.693750 0.006250 0.008333
0 0.595313 0.679167 0.006250 0.008333
0 0.589063 0.679167 0.006250 0.008333
0 0.587500 0.685417 0.006250 0.008333
0 0.593750 0.677083 0.006250 0.008333
0 0.607812 0.672917 0.006250 0.008333
0 0.606250 0.689583 0.006250 0.008333
0 0.598437 0.689583 0.006250 0.008333
0 0.593750 0.685417 0.006250 0.008333