0 0.960938 0.722917 0.006250 0.008333
0 0.925000 0.766667 0.012500 0.016667
0 0.965625 0.837500 0.012500 0.016667
0 0.957812 0.839583 0.012500 0.016667
0 0.921875 0.852083 0.012500 0.016667
0 0.842187 0.814583 0.012500 0.016667
0 0.829688 0.770833 0.012500 0.016667
0 0.829688 0.679167 0.006250 0.008333
0 0.790625 0.639583 0.006250 0.008333
0 0.803125 0.687500 0.006250 0.008333
0 0.757812 0.654167 0.006250 0.008333
0 0.746875 0.654167 0.006250 0.008333
0 0.742188 0.633333 0.006250 0.008333
0 0.731250 0.633333 0.006250 0.008333
0 0.706250 0.647917 0.006250 0.008333
0 0.701562 0.652083 0.006250 0.008333
0 0.687500 0.658333 0.006250 0.008333
0 0.714063 0.666667 0.006250 0.008333
0 0.696875 0.693750 0.006250 0.008333
0 0.696875 0.718750 0.006250 0.008333
0 0.725000 0.747917 0.006250 0.008333
0 0.657813 0.737500 0.006250 0.008333
0 0.642188 0.825000 0.012500 0.016667
0 0.632812 0.806250 0.012500 0.016667
0 0.629687 0.800000 0.012500 0.016667
0 0.615625 0.806250 0.012500 0.016667
0 0.571875 0.831250 0.012500 0.016667
0 0.640625 0.672917 0.006250 0.008333
0 0.635938 0.639583 0.006250 0.008333
0 0.615625 0.660417 0.006250 0.008333
0 0.609375 0.654167 0.006250 0.008333
0 0.609375 0.635417 0.006250 0.008333
0 0.585938 0.645833 0.006250 0.008333
0 0.581250 0.656250 0.006250 0.008333
0 0.565625 0.660417 0.006250 0.008333
0 0.560937 0.652083 0.006250 0.008333
0 0.518750 0.635417 0.006250 0.008333
0 0.621875 0.706250 0.006250 0.008333
0 0.610938 0.708333 0.006250 0.008333
0 0.607812 0.700000 0.006250 0.008333
0 0.604688 0.693750 0.006250 0.008333
0 0.590625 0.693750 0.006250 0.008333
0 0.582812 0.697917 0.006250 0.008333
0 0.585938 0.735417 0.006250 0.008333
0 0.562500 0.716667 0.006250 0.008333
0 0.554688 0.702083 0.006250 0.008333
0 0.550000 0.702083 0.006250 0.008333
0 0.540625 0.668750 0.006250 0.008333
0 0.543750 0.677083 0.006250 0.008333
0 0.542188 0.697917 0.006250 0.008333
0 0.534375 0.697917 0.006250 0.008333
0 0.532813 0.706250 0.006250 0.008333
0 0.529687 0.708333 0.006250 0.008333
0 0.518750 0.720833 0.006250 0.008333
0 0.510938 0.716667 0.006250 0.008333
0 0.539062 0.750000 0.012500 0.016667
0 0.550000 0.781250 0.012500 0.016667
0 0.492188 0.785417 0.012500 0.016667
0 0.484375 0.779167 0.012500 0.016667
0 0.521875 0.662500 0.006250 0.008333
0 0.501563 0.647917 0.006250 0.008333
0 0.496875 0.652083 0.006250 0.008333
0 0.492188 0.650000 0.006250 0.008333
0 0.504687 0.666667 0.006250 0.008333
0 0.512500 0.677083 0.006250 0.008333
0 0.512500 0.683333 0.006250 0.008333
0 0.510938 0.687500 0.006250 0.008333
0 0.501563 0.683333 0.006250 0.008333
0 0.490625 0.685417 0.006250 0.008333
0 0.495312 0.693750 0.006250 0.008333
0 0.498437 0.706250 0.006250 0.008333
0 0.500000 0.714583 0.006250 0.008333
0 0.475000 0.664583 0.006250 0.008333
0 0.476562 0.687500 0.006250 0.008333
0 0.478125 0.693750 0.006250 0.008333
0 0.476562 0.704167 0.006250 0.008333
0 0.451562 0.633333 0.006250 0.008333
0 0.440625 0.650000 0.006250 0.008333
0 0.423438 0.664583 0.006250 0.008333
0 0.439063 0.666667 0.006250 0.008333
0 0.445312 0.677083 0.006250 0.008333
0 0.437500 0.704167 0.006250 0.008333
0 0.453125 0.725000 0.006250 0.008333
0 0.456250 0.758333 0.012500 0.016667
0 0.403125 0.714583 0.006250 0.008333
0 0.389062 0.718750 0.006250 0.008333
0 0.382812 0.727083 0.006250 0.008333
0 0.378125 0.727083 0.006250 0.008333
0 0.357812 0.710417 0.006250 0.008333
0 0.345313 0.720833 0.006250 0.008333
0 0.309375 0.716667 0.006250 0.008333
0 0.414062 0.641667 0.006250 0.008333
0 0.351562 0.652083 0.006250 0.008333
0 0.335938 0.641667 0.006250 0.008333
0 0.306250 0.670833 0.006250 0.008333
0 0.300000 0.656250 0.006250 0.008333
0 0.253125 0.660417 0.006250 0.008333
0 0.101562 0.704167 0.006250 0.008333
0 0.064062 0.722917 0.006250 0.008333