0 0.981250 0.704167 0.006250 0.008333
0 0.932813 0.645833 0.006250 0.008333
0 0.920312 0.681250 0.006250 0.008333
0 0.914062 0.720833 0.006250 0.008333
0 0.892188 0.714583 0.006250 0.008333
0 0.946875 0.768750 0.012500 0.016667
0 0.932813 0.760417 0.012500 0.016667
0 0.965625 0.839583 0.012500 0.016667
0 0.957812 0.841667 0.012500 0.016667
0 0.920312 0.854167 0.012500 0.016667
0 0.893750 0.770833 0.012500 0.016667
0 0.815625 0.804167 0.012500 0.016667
0 0.831250 0.675000 0.006250 0.008333
0 0.804688 0.687500 0.006250 0.008333
0 0.792188 0.641667 0.006250 0.008333
0 0.745313 0.635417 0.006250 0.008333
0 0.731250 0.635417 0.006250 0.008333
0 0.748437 0.654167 0.006250 0.008333
0 0.701562 0.650000 0.006250 0.008333
0 0.715625 0.662500 0.006250 0.008333
0 0.714063 0.670833 0.006250 0.008333
0 0.698438 0.693750 0.006250 0.008333
0 0.703125 0.702083 0.006250 0.008333
0 0.698438 0.716667 0.006250 0.008333
0 0.751563 0.760417 0.012500 0.016667
0 0.725000 0.745833 0.006250 0.008333
0 0.637500 0.639583 0.006250 0.008333
0 0.642188 0.670833 0.006250 0.008333
0 0.654687 0.700000 0.006250 0.008333
0 0.657813 0.741667 0.006250 0.008333
0 0.632812 0.822917 0.012500 0.016667
0 0.632812 0.806250 0.012500 0.016667
0 0.628125 0.804167 0.012500 0.016667
0 0.615625 0.808333 0.012500 0.016667
0 0.623437 0.706250 0.006250 0.008333
0 0.617188 0.704167 0.006250 0.008333
0 0.610938 0.706250 0.006250 0.008333
0 0.609375 0.700000 0.006250 0.008333
0 0.596875 0.697917 0.006250 0.008333
0 0.614062 0.658333 0.006250 0.008333
0 0.607812 0.652083 0.006250 0.008333
0 0.584375 0.656250 0.006250 0.008333
0 0.559375 0.650000 0.006250 0.008333
0 0.551562 0.666667 0.006250 0.008333
0 0.540625 0.668750 0.006250 0.008333
0 0.526563 0.660417 0.006250 0.008333
0 0.518750 0.635417 0.006250 0.008333
0 0.501563 0.650000 0.006250 0.008333
0 0.496875 0.652083 0.006250 0.008333
0 0.490625 0.652083 0.006250 0.008333
0 0.453125 0.633333 0.006250 0.008333
0 0.412500 0.643750 0.006250 0.008333
0 0.351562 0.652083 0.006250 0.008333
0 0.337500 0.639583 0.006250 0.008333
0 0.307812 0.670833 0.006250 0.008333
0 0.251563 0.662500 0.006250 0.008333
0 0.101562 0.708333 0.006250 0.008333
0 0.064062 0.720833 0.006250 0.008333
0 0.585938 0.735417 0.006250 0.008333
0 0.564063 0.708333 0.006250 0.008333
0 0.560937 0.710417 0.006250 0.008333
0 0.548438 0.706250 0.006250 0.008333
0 0.534375 0.693750 0.006250 0.008333
0 0.532813 0.708333 0.006250 0.008333
0 0.529687 0.708333 0.006250 0.008333
0 0.539062 0.754167 0.012500 0.016667
0 0.521875 0.722917 0.006250 0.008333
0 0.507812 0.666667 0.006250 0.008333
0 0.514062 0.675000 0.006250 0.008333
0 0.512500 0.689583 0.006250 0.008333
0 0.493750 0.687500 0.006250 0.008333
0 0.475000 0.666667 0.006250 0.008333
0 0.478125 0.687500 0.006250 0.008333
0 0.475000 0.691667 0.006250 0.008333
0 0.496875 0.714583 0.006250 0.008333
0 0.485938 0.781250 0.012500 0.016667
0 0.456250 0.756250 0.012500 0.016667
0 0.423438 0.662500 0.006250 0.008333
0 0.432812 0.664583 0.006250 0.008333
0 0.440625 0.666667 0.006250 0.008333
0 0.446875 0.679167 0.006250 0.008333
0 0.435937 0.702083 0.006250 0.008333
0 0.403125 0.714583 0.006250 0.008333
0 0.389062 0.720833 0.006250 0.008333
0 0.379688 0.722917 0.006250 0.008333
0 0.343750 0.720833 0.006250 0.008333
0 0.312500 0.718750 0.006250 0.008333