0 0.781250 0.850000 0.012500 0.016667
0 0.734375 0.841667 0.012500 0.016667
0 0.731250 0.814583 0.012500 0.016667
0 0.621875 0.741667 0.006250 0.008333
0 0.615625 0.737500 0.006250 0.008333
0 0.610938 0.741667 0.006250 0.008333
0 0.604688 0.745833 0.006250 0.008333
0 0.679688 0.706250 0.006250 0.008333
0 0.628125 0.697917 0.006250 0.008333
0 0.628125 0.685417 0.006250 0.008333
0 0.642188 0.668750 0.006250 0.008333
0 0.657813 0.683333 0.006250 0.008333
0 0.620313 0.706250 0.006250 0.008333
0 0.612500 0.706250 0.006250 0.008333
0 0.598437 0.706250 0.006250 0.008333
0 0.584375 0.695833 0.006250 0.008333
0 0.578125 0.693750 0.006250 0.008333
0 0.576562 0.670833 0.006250 0.008333
0 0.607812 0.652083 0.006250 0.008333
0 0.503125 0.739583 0.006250 0.008333
0 0.539062 0.700000 0.006250 0.008333
0 0.553125 0.700000 0.006250 0.008333
0 0.540625 0.706250 0.006250 0.008333
0 0.537500 0.706250 0.006250 0.008333
0 0.528125 0.685417 0.006250 0.008333
0 0.545312 0.693750 0.006250 0.008333
0 0.546875 0.697917 0.006250 0.008333
0 0.532813 0.691667 0.006250 0.008333
0 0.532813 0.702083 0.006250 0.008333
0 0.537500 0.712500 0.006250 0.008333