0 0.918750 0.731250 0.006250 0.008333
0 0.926562 0.766667 0.012500 0.016667
0 0.965625 0.837500 0.012500 0.016667
0 0.959375 0.839583 0.012500 0.016667
0 0.920312 0.854167 0.012500 0.016667
0 0.843750 0.814583 0.012500 0.016667
0 0.831250 0.768750 0.012500 0.016667
0 0.828125 0.677083 0.006250 0.008333
0 0.792188 0.639583 0.006250 0.008333
0 0.803125 0.687500 0.006250 0.008333
0 0.757812 0.650000 0.006250 0.008333
0 0.746875 0.656250 0.006250 0.008333
0 0.742188 0.633333 0.006250 0.008333
0 0.731250 0.633333 0.006250 0.008333
0 0.704688 0.645833 0.006250 0.008333
0 0.701562 0.650000 0.006250 0.008333
0 0.715625 0.666667 0.006250 0.008333
0 0.689063 0.658333 0.006250 0.008333
0 0.695312 0.693750 0.006250 0.008333
0 0.698438 0.718750 0.006250 0.008333
0 0.726562 0.747917 0.006250 0.008333
0 0.657813 0.739583 0.006250 0.008333
0 0.642188 0.825000 0.012500 0.016667
0 0.632812 0.806250 0.012500 0.016667
0 0.628125 0.804167 0.012500 0.016667
0 0.615625 0.806250 0.012500 0.016667
0 0.573438 0.833333 0.012500 0.016667
0 0.550000 0.779167 0.012500 0.016667
0 0.539062 0.752083 0.012500 0.016667
0 0.585938 0.735417 0.006250 0.008333
0 0.637500 0.641667 0.006250 0.008333
0 0.642188 0.672917 0.006250 0.008333
0 0.621875 0.708333 0.006250 0.008333
0 0.612500 0.708333 0.006250 0.008333
0 0.606250 0.700000 0.006250 0.008333
0 0.603125 0.691667 0.006250 0.008333
0 0.590625 0.695833 0.006250 0.008333
0 0.581250 0.697917 0.006250 0.008333
0 0.560937 0.716667 0.006250 0.008333
0 0.614062 0.660417 0.006250 0.008333
0 0.609375 0.650000 0.006250 0.008333
0 0.610938 0.633333 0.006250 0.008333
0 0.589063 0.643750 0.006250 0.008333
0 0.581250 0.656250 0.006250 0.008333
0 0.565625 0.660417 0.006250 0.008333
0 0.560937 0.647917 0.006250 0.008333
0 0.539062 0.668750 0.006250 0.008333
0 0.542188 0.679167 0.006250 0.008333
0 0.554688 0.702083 0.006250 0.008333
0 0.550000 0.697917 0.006250 0.008333
0 0.542188 0.695833 0.006250 0.008333
0 0.531250 0.693750 0.006250 0.008333
0 0.532813 0.704167 0.006250 0.008333
0 0.529687 0.710417 0.006250 0.008333
0 0.520312 0.722917 0.006250 0.008333
0 0.510938 0.718750 0.006250 0.008333
0 0.518750 0.635417 0.006250 0.008333
0 0.521875 0.662500 0.006250 0.008333
0 0.503125 0.647917 0.006250 0.008333
0 0.498437 0.652083 0.006250 0.008333
0 0.490625 0.650000 0.006250 0.008333
0 0.506250 0.666667 0.006250 0.008333
0 0.510938 0.677083 0.006250 0.008333
0 0.510938 0.685417 0.006250 0.008333
0 0.507812 0.691667 0.006250 0.008333
0 0.503125 0.681250 0.006250 0.008333
0 0.492188 0.683333 0.006250 0.008333
0 0.495312 0.693750 0.006250 0.008333
0 0.498437 0.702083 0.006250 0.008333
0 0.496875 0.712500 0.006250 0.008333
0 0.487500 0.675000 0.006250 0.008333
0 0.475000 0.662500 0.006250 0.008333
0 0.478125 0.687500 0.006250 0.008333
0 0.479687 0.691667 0.006250 0.008333
0 0.478125 0.704167 0.006250 0.008333
0 0.495312 0.787500 0.012500 0.016667
0 0.484375 0.781250 0.012500 0.016667
0 0.453125 0.756250 0.012500 0.016667
0 0.454688 0.725000 0.006250 0.008333
0 0.437500 0.702083 0.006250 0.008333
0 0.453125 0.631250 0.006250 0.008333
0 0.439063 0.650000 0.006250 0.008333
0 0.440625 0.664583 0.006250 0.008333
0 0.450000 0.672917 0.006250 0.008333
0 0.445312 0.677083 0.006250 0.008333
0 0.423438 0.664583 0.006250 0.008333
0 0.412500 0.641667 0.006250 0.008333
0 0.382812 0.660417 0.006250 0.008333
0 0.418750 0.706250 0.006250 0.008333
0 0.379688 0.704167 0.006250 0.008333
0 0.360938 0.700000 0.006250 0.008333
0 0.357812 0.708333 0.006250 0.008333
0 0.351562 0.650000 0.006250 0.008333
0 0.337500 0.641667 0.006250 0.008333
0 0.251563 0.662500 0.006250 0.008333
0 0.100000 0.706250 0.006250 0.008333
0 0.062500 0.722917 0.006250 0.008333