0 0.981250 0.702083 0.006250 0.008333
0 0.931250 0.645833 0.006250 0.008333
0 0.921875 0.683333 0.006250 0.008333
0 0.926562 0.766667 0.012500 0.016667
0 0.965625 0.839583 0.012500 0.016667
0 0.956250 0.841667 0.012500 0.016667
0 0.920312 0.852083 0.012500 0.016667
0 0.831250 0.768750 0.012500 0.016667
0 0.817187 0.804167 0.012500 0.016667
0 0.726562 0.745833 0.006250 0.008333
0 0.632812 0.820833 0.012500 0.016667
0 0.632812 0.806250 0.012500 0.016667
0 0.628125 0.797917 0.012500 0.016667
0 0.615625 0.808333 0.012500 0.016667
0 0.656250 0.737500 0.006250 0.008333
0 0.698438 0.718750 0.006250 0.008333
0 0.703125 0.704167 0.006250 0.008333
0 0.698438 0.695833 0.006250 0.008333
0 0.714063 0.672917 0.006250 0.008333
0 0.715625 0.664583 0.006250 0.008333
0 0.746875 0.654167 0.006250 0.008333
0 0.792188 0.641667 0.006250 0.008333
0 0.743750 0.635417 0.006250 0.008333
0 0.731250 0.635417 0.006250 0.008333
0 0.703125 0.654167 0.006250 0.008333
0 0.635938 0.639583 0.006250 0.008333
0 0.642188 0.670833 0.006250 0.008333
0 0.612500 0.660417 0.006250 0.008333
0 0.609375 0.650000 0.006250 0.008333
0 0.623437 0.704167 0.006250 0.008333
0 0.612500 0.697917 0.006250 0.008333
0 0.612500 0.708333 0.006250 0.008333
0 0.607812 0.697917 0.006250 0.008333
0 0.598437 0.697917 0.006250 0.008333
0 0.600000 0.689583 0.006250 0.008333
0 0.581250 0.656250 0.006250 0.008333
0 0.585938 0.735417 0.006250 0.008333
0 0.550000 0.779167 0.012500 0.016667
0 0.539062 0.752083 0.012500 0.016667
0 0.565625 0.660417 0.006250 0.008333
0 0.560937 0.647917 0.006250 0.008333
0 0.557813 0.697917 0.006250 0.008333
0 0.551562 0.702083 0.006250 0.008333
0 0.548438 0.712500 0.006250 0.008333
0 0.543750 0.710417 0.006250 0.008333
0 0.532813 0.708333 0.006250 0.008333
0 0.534375 0.697917 0.006250 0.008333
0 0.539062 0.670833 0.006250 0.008333
0 0.532813 0.658333 0.006250 0.008333
0 0.518750 0.635417 0.006250 0.008333
0 0.523438 0.662500 0.006250 0.008333
0 0.521875 0.722917 0.006250 0.008333
0 0.510938 0.687500 0.006250 0.008333
0 0.514062 0.675000 0.006250 0.008333
0 0.506250 0.668750 0.006250 0.008333
0 0.501563 0.647917 0.006250 0.008333
0 0.496875 0.647917 0.006250 0.008333
0 0.490625 0.654167 0.006250 0.008333
0 0.493750 0.683333 0.006250 0.008333
0 0.495312 0.704167 0.006250 0.008333
0 0.498437 0.712500 0.006250 0.008333
0 0.484375 0.781250 0.012500 0.016667
0 0.456250 0.756250 0.012500 0.016667
0 0.453125 0.716667 0.006250 0.008333
0 0.475000 0.664583 0.006250 0.008333
0 0.476562 0.687500 0.006250 0.008333
0 0.476562 0.693750 0.006250 0.008333
0 0.451562 0.633333 0.006250 0.008333
0 0.410938 0.641667 0.006250 0.008333
0 0.445312 0.677083 0.006250 0.008333
0 0.440625 0.664583 0.006250 0.008333
0 0.434375 0.662500 0.006250 0.008333
0 0.425000 0.664583 0.006250 0.008333
0 0.437500 0.702083 0.006250 0.008333
0 0.403125 0.712500 0.006250 0.008333
0 0.389062 0.718750 0.006250 0.008333
0 0.379688 0.725000 0.006250 0.008333
0 0.343750 0.718750 0.006250 0.008333
0 0.312500 0.718750 0.006250 0.008333
0 0.351562 0.654167 0.006250 0.008333
0 0.335938 0.639583 0.006250 0.008333
0 0.306250 0.670833 0.006250 0.008333
0 0.253125 0.662500 0.006250 0.008333
0 0.098437 0.708333 0.006250 0.008333
0 0.062500 0.725000 0.006250 0.008333