0 0.9086538461538461 0.8533653846153846 0.08052884615384616 0.24639423076923078
0 0.6370192307692307 0.9302884615384616 0.08533653846153846 0.12259615384615384
0 0.4254807692307692 0.18870192307692307 0.08052884615384616 0.23798076923076922
0 0.6201923076923077 0.2536057692307692 0.0985576923076923 0.2620192307692308
0 0.3581730769230769 0.28125 0.09014423076923077 0.2692307692307692
0 0.5504807692307693 0.3581730769230769 0.0829326923076923 0.17668269230769232
0 0.5973557692307693 0.4735576923076923 0.0985576923076923 0.2848557692307692
0 0.7608173076923077 0.5769230769230769 0.07451923076923077 0.19951923076923078
0 0.6694711538461539 0.5961538461538461 0.07211538461538461 0.23798076923076922
0 0.5625 0.6382211538461539 0.11658653846153846 0.2620192307692308
0 0.45552884615384615 0.7043269230769231 0.10096153846153846 0.2692307692307692