0 0.782813 0.845833 0.012500 0.016667
0 0.731250 0.843750 0.012500 0.016667
0 0.729688 0.818750 0.012500 0.016667
0 0.623437 0.743750 0.006250 0.008333
0 0.612500 0.741667 0.006250 0.008333
0 0.606250 0.743750 0.006250 0.008333
0 0.504687 0.741667 0.006250 0.008333
0 0.545312 0.710417 0.006250 0.008333
0 0.531250 0.716667 0.006250 0.008333
0 0.523438 0.710417 0.006250 0.008333
0 0.529687 0.687500 0.006250 0.008333
0 0.518750 0.693750 0.006250 0.008333
0 0.526563 0.702083 0.006250 0.008333
0 0.540625 0.679167 0.006250 0.008333
0 0.579688 0.670833 0.006250 0.008333
0 0.609375 0.652083 0.006250 0.008333
0 0.642188 0.670833 0.006250 0.008333
0 0.579688 0.693750 0.006250 0.008333
0 0.582812 0.700000 0.006250 0.008333
0 0.600000 0.708333 0.006250 0.008333
0 0.612500 0.708333 0.006250 0.008333
0 0.620313 0.708333 0.006250 0.008333