0 0.781250 0.845833 0.012500 0.016667
0 0.732812 0.843750 0.012500 0.016667
0 0.729688 0.814583 0.012500 0.016667
0 0.621875 0.743750 0.006250 0.008333
0 0.617188 0.737500 0.006250 0.008333
0 0.612500 0.743750 0.006250 0.008333
0 0.606250 0.743750 0.006250 0.008333
0 0.620313 0.706250 0.006250 0.008333
0 0.612500 0.706250 0.006250 0.008333
0 0.601562 0.706250 0.006250 0.008333
0 0.614062 0.637500 0.006250 0.008333
0 0.596875 0.672917 0.006250 0.008333
0 0.587500 0.685417 0.006250 0.008333
0 0.595313 0.693750 0.006250 0.008333
0 0.601562 0.685417 0.006250 0.008333
0 0.587500 0.677083 0.006250 0.008333
0 0.578125 0.685417 0.006250 0.008333
0 0.590625 0.670833 0.006250 0.008333
0 0.581250 0.679167 0.006250 0.008333
0 0.584375 0.691667 0.006250 0.008333
0 0.545312 0.708333 0.006250 0.008333
0 0.537500 0.706250 0.006250 0.008333
0 0.532813 0.706250 0.006250 0.008333
0 0.525000 0.706250 0.006250 0.008333
0 0.528125 0.714583 0.006250 0.008333
0 0.504687 0.737500 0.006250 0.008333