0 0.504687 0.737500 0.006250 0.008333
0 0.731250 0.843750 0.012500 0.016667
0 0.781250 0.847917 0.012500 0.016667
0 0.729688 0.814583 0.012500 0.016667
0 0.621875 0.743750 0.006250 0.008333
0 0.614062 0.743750 0.006250 0.008333
0 0.610938 0.737500 0.006250 0.008333
0 0.606250 0.743750 0.006250 0.008333
0 0.528125 0.714583 0.006250 0.008333
0 0.525000 0.710417 0.006250 0.008333
0 0.534375 0.710417 0.006250 0.008333
0 0.539062 0.706250 0.006250 0.008333
0 0.543750 0.710417 0.006250 0.008333
0 0.600000 0.704167 0.006250 0.008333
0 0.612500 0.706250 0.006250 0.008333
0 0.618750 0.704167 0.006250 0.008333
0 0.589063 0.679167 0.006250 0.008333
0 0.598437 0.677083 0.006250 0.008333
0 0.598437 0.687500 0.006250 0.008333
0 0.595313 0.668750 0.006250 0.008333
0 0.587500 0.670833 0.006250 0.008333
0 0.584375 0.677083 0.006250 0.008333
0 0.592187 0.685417 0.006250 0.008333
0 0.603125 0.681250 0.006250 0.008333
0 0.587500 0.689583 0.006250 0.008333