0 0.782813 0.852083 0.012500 0.016667
0 0.732812 0.843750 0.012500 0.016667
0 0.729688 0.812500 0.012500 0.016667
0 0.621875 0.743750 0.006250 0.008333
0 0.612500 0.743750 0.006250 0.008333
0 0.617188 0.739583 0.006250 0.008333
0 0.606250 0.743750 0.006250 0.008333
0 0.600000 0.706250 0.006250 0.008333
0 0.612500 0.710417 0.006250 0.008333
0 0.620313 0.704167 0.006250 0.008333
0 0.543750 0.710417 0.006250 0.008333
0 0.539062 0.706250 0.006250 0.008333
0 0.532813 0.706250 0.006250 0.008333
0 0.528125 0.718750 0.006250 0.008333
0 0.525000 0.710417 0.006250 0.008333
0 0.503125 0.737500 0.006250 0.008333
0 0.593750 0.677083 0.006250 0.008333
0 0.603125 0.672917 0.006250 0.008333
0 0.604688 0.685417 0.006250 0.008333
0 0.589063 0.687500 0.006250 0.008333
0 0.595313 0.689583 0.006250 0.008333
0 0.585938 0.677083 0.006250 0.008333
0 0.595313 0.668750 0.006250 0.008333
0 0.592187 0.679167 0.006250 0.008333