0 0.781250 0.847917 0.012500 0.016667
0 0.731250 0.843750 0.012500 0.016667
0 0.731250 0.814583 0.012500 0.016667
0 0.621875 0.743750 0.006250 0.008333
0 0.617188 0.739583 0.006250 0.008333
0 0.612500 0.743750 0.006250 0.008333
0 0.604688 0.743750 0.006250 0.008333
0 0.504687 0.739583 0.006250 0.008333
0 0.525000 0.710417 0.006250 0.008333
0 0.528125 0.712500 0.006250 0.008333
0 0.532813 0.706250 0.006250 0.008333
0 0.537500 0.712500 0.006250 0.008333
0 0.543750 0.710417 0.006250 0.008333
0 0.598437 0.706250 0.006250 0.008333
0 0.612500 0.710417 0.006250 0.008333
0 0.618750 0.706250 0.006250 0.008333
0 0.606250 0.687500 0.006250 0.008333
0 0.598437 0.672917 0.006250 0.008333
0 0.592187 0.685417 0.006250 0.008333
0 0.585938 0.672917 0.006250 0.008333
0 0.595313 0.677083 0.006250 0.008333
0 0.590625 0.677083 0.006250 0.008333
0 0.587500 0.685417 0.006250 0.008333
0 0.587500 0.685417 0.006250 0.008333
0 0.603125 0.687500 0.006250 0.008333
0 0.595313 0.693750 0.006250 0.008333
0 0.582812 0.689583 0.006250 0.008333