0 0.782813 0.847917 0.012500 0.016667
0 0.732812 0.845833 0.012500 0.016667
0 0.728125 0.814583 0.012500 0.016667
0 0.621875 0.743750 0.006250 0.008333
0 0.617188 0.735417 0.006250 0.008333
0 0.612500 0.743750 0.006250 0.008333
0 0.604688 0.743750 0.006250 0.008333
0 0.618750 0.706250 0.006250 0.008333
0 0.614062 0.706250 0.006250 0.008333
0 0.600000 0.708333 0.006250 0.008333
0 0.543750 0.710417 0.006250 0.008333
0 0.537500 0.708333 0.006250 0.008333
0 0.529687 0.706250 0.006250 0.008333
0 0.529687 0.718750 0.006250 0.008333
0 0.503125 0.739583 0.006250 0.008333
0 0.590625 0.677083 0.006250 0.008333
0 0.598437 0.670833 0.006250 0.008333
0 0.589063 0.687500 0.006250 0.008333
0 0.601562 0.689583 0.006250 0.008333
0 0.596875 0.668750 0.006250 0.008333
0 0.582812 0.677083 0.006250 0.008333