0 0.560937 0.697917 0.006250 0.008333
0 0.557813 0.675000 0.006250 0.008333
0 0.564063 0.672917 0.006250 0.008333
0 0.565625 0.683333 0.006250 0.008333
0 0.550000 0.687500 0.006250 0.008333
0 0.546875 0.670833 0.006250 0.008333
0 0.556250 0.679167 0.006250 0.008333
0 0.545312 0.712500 0.006250 0.008333
0 0.542188 0.695833 0.006250 0.008333
0 0.534375 0.691667 0.006250 0.008333
0 0.539062 0.706250 0.006250 0.008333
0 0.531250 0.708333 0.006250 0.008333
0 0.523438 0.708333 0.006250 0.008333
0 0.528125 0.714583 0.006250 0.008333
0 0.503125 0.737500 0.006250 0.008333
0 0.731250 0.814583 0.012500 0.016667
0 0.734375 0.841667 0.012500 0.016667
0 0.784375 0.852083 0.012500 0.016667
0 0.620313 0.743750 0.006250 0.008333
0 0.612500 0.741667 0.006250 0.008333
0 0.606250 0.743750 0.006250 0.008333
0 0.620313 0.706250 0.006250 0.008333
0 0.610938 0.708333 0.006250 0.008333
0 0.601562 0.704167 0.006250 0.008333
0 0.584375 0.695833 0.006250 0.008333
0 0.576562 0.695833 0.006250 0.008333
0 0.579688 0.677083 0.006250 0.008333
0 0.587500 0.600000 0.006250 0.008333
0 0.612500 0.597917 0.006250 0.008333