0 0.782813 0.850000 0.012500 0.016667
0 0.732812 0.843750 0.012500 0.016667
0 0.731250 0.816667 0.012500 0.016667
0 0.621875 0.745833 0.006250 0.008333
0 0.617188 0.737500 0.006250 0.008333
0 0.612500 0.739583 0.006250 0.008333
0 0.607812 0.741667 0.006250 0.008333
0 0.621875 0.704167 0.006250 0.008333
0 0.615625 0.708333 0.006250 0.008333
0 0.601562 0.704167 0.006250 0.008333
0 0.595313 0.693750 0.006250 0.008333
0 0.589063 0.691667 0.006250 0.008333
0 0.579688 0.693750 0.006250 0.008333
0 0.579688 0.675000 0.006250 0.008333
0 0.562500 0.697917 0.006250 0.008333
0 0.543750 0.710417 0.006250 0.008333
0 0.537500 0.710417 0.006250 0.008333
0 0.531250 0.708333 0.006250 0.008333
0 0.528125 0.718750 0.006250 0.008333
0 0.523438 0.706250 0.006250 0.008333
0 0.503125 0.737500 0.006250 0.008333
0 0.528125 0.679167 0.006250 0.008333
0 0.531250 0.691667 0.006250 0.008333
0 0.545312 0.683333 0.006250 0.008333
0 0.534375 0.685417 0.006250 0.008333