0 0.782813 0.847917 0.012500 0.016667
0 0.731250 0.843750 0.012500 0.016667
0 0.731250 0.814583 0.012500 0.016667
0 0.621875 0.743750 0.006250 0.008333
0 0.618750 0.739583 0.006250 0.008333
0 0.612500 0.739583 0.006250 0.008333
0 0.606250 0.743750 0.006250 0.008333
0 0.618750 0.704167 0.006250 0.008333
0 0.612500 0.708333 0.006250 0.008333
0 0.601562 0.706250 0.006250 0.008333
0 0.543750 0.710417 0.006250 0.008333
0 0.537500 0.708333 0.006250 0.008333
0 0.534375 0.706250 0.006250 0.008333
0 0.523438 0.710417 0.006250 0.008333
0 0.529687 0.718750 0.006250 0.008333
0 0.504687 0.735417 0.006250 0.008333
0 0.587500 0.672917 0.006250 0.008333
0 0.596875 0.679167 0.006250 0.008333
0 0.601562 0.668750 0.006250 0.008333
0 0.585938 0.679167 0.006250 0.008333
0 0.590625 0.689583 0.006250 0.008333
0 0.598437 0.687500 0.006250 0.008333
0 0.582812 0.679167 0.006250 0.008333
0 0.593750 0.681250 0.006250 0.008333
0 0.584375 0.687500 0.006250 0.008333