0 0.781250 0.847917 0.012500 0.016667
0 0.732812 0.843750 0.012500 0.016667
0 0.731250 0.816667 0.012500 0.016667
0 0.620313 0.743750 0.006250 0.008333
0 0.617188 0.739583 0.006250 0.008333
0 0.612500 0.741667 0.006250 0.008333
0 0.606250 0.741667 0.006250 0.008333
0 0.596875 0.691667 0.006250 0.008333
0 0.592187 0.691667 0.006250 0.008333
0 0.593750 0.666667 0.006250 0.008333
0 0.576562 0.679167 0.006250 0.008333
0 0.581250 0.666667 0.006250 0.008333
0 0.585938 0.675000 0.006250 0.008333
0 0.581250 0.681250 0.006250 0.008333
0 0.593750 0.679167 0.006250 0.008333
0 0.581250 0.675000 0.006250 0.008333
0 0.581250 0.687500 0.006250 0.008333
0 0.545312 0.710417 0.006250 0.008333
0 0.539062 0.710417 0.006250 0.008333
0 0.532813 0.710417 0.006250 0.008333
0 0.525000 0.710417 0.006250 0.008333
0 0.528125 0.716667 0.006250 0.008333
0 0.504687 0.737500 0.006250 0.008333