0 0.782813 0.847917 0.012500 0.016667
0 0.732812 0.843750 0.012500 0.016667
0 0.731250 0.814583 0.012500 0.016667
0 0.620313 0.743750 0.006250 0.008333
0 0.615625 0.739583 0.006250 0.008333
0 0.604688 0.743750 0.006250 0.008333
0 0.620313 0.706250 0.006250 0.008333
0 0.612500 0.706250 0.006250 0.008333
0 0.600000 0.706250 0.006250 0.008333
0 0.593750 0.693750 0.006250 0.008333
0 0.587500 0.689583 0.006250 0.008333
0 0.581250 0.689583 0.006250 0.008333
0 0.545312 0.710417 0.006250 0.008333
0 0.537500 0.704167 0.006250 0.008333
0 0.532813 0.708333 0.006250 0.008333
0 0.528125 0.718750 0.006250 0.008333
0 0.525000 0.708333 0.006250 0.008333
0 0.503125 0.737500 0.006250 0.008333
0 0.581250 0.656250 0.006250 0.008333
0 0.571875 0.668750 0.006250 0.008333
0 0.585938 0.662500 0.006250 0.008333
0 0.595313 0.652083 0.006250 0.008333
0 0.590625 0.668750 0.006250 0.008333
0 0.581250 0.677083 0.006250 0.008333