0 0.781250 0.850000 0.012500 0.016667
0 0.732812 0.841667 0.012500 0.016667
0 0.731250 0.812500 0.012500 0.016667
0 0.620313 0.743750 0.006250 0.008333
0 0.612500 0.739583 0.006250 0.008333
0 0.604688 0.743750 0.006250 0.008333
0 0.620313 0.706250 0.006250 0.008333
0 0.612500 0.706250 0.006250 0.008333
0 0.601562 0.706250 0.006250 0.008333
0 0.584375 0.697917 0.006250 0.008333
0 0.578125 0.695833 0.006250 0.008333
0 0.576562 0.675000 0.006250 0.008333
0 0.609375 0.589583 0.006250 0.008333
0 0.503125 0.739583 0.006250 0.008333
0 0.543750 0.710417 0.006250 0.008333
0 0.535937 0.710417 0.006250 0.008333
0 0.528125 0.716667 0.006250 0.008333
0 0.526563 0.708333 0.006250 0.008333
0 0.557813 0.702083 0.006250 0.008333
0 0.546875 0.675000 0.006250 0.008333
0 0.559375 0.677083 0.006250 0.008333
0 0.554688 0.685417 0.006250 0.008333
0 0.542188 0.687500 0.006250 0.008333