0 0.353125 0.689583 0.006250 0.008333
0 0.362500 0.693750 0.006250 0.008333
0 0.351562 0.706250 0.006250 0.008333
0 0.350000 0.697917 0.006250 0.008333
0 0.357812 0.702083 0.006250 0.008333
0 0.367188 0.697917 0.006250 0.008333
0 0.367188 0.687500 0.006250 0.008333
0 0.371875 0.697917 0.006250 0.008333
0 0.515625 0.693750 0.006250 0.008333
0 0.523438 0.693750 0.006250 0.008333
0 0.534375 0.693750 0.006250 0.008333
0 0.542188 0.689583 0.006250 0.008333
0 0.548438 0.693750 0.006250 0.008333
0 0.529687 0.710417 0.006250 0.008333
0 0.534375 0.714583 0.006250 0.008333
0 0.537500 0.710417 0.006250 0.008333
0 0.578125 0.672917 0.006250 0.008333
0 0.578125 0.695833 0.006250 0.008333
0 0.582812 0.695833 0.006250 0.008333
0 0.609375 0.652083 0.006250 0.008333
0 0.782813 0.847917 0.012500 0.016667
0 0.734375 0.843750 0.012500 0.016667
0 0.731250 0.818750 0.012500 0.016667
0 0.620313 0.743750 0.006250 0.008333
0 0.615625 0.739583 0.006250 0.008333
0 0.606250 0.743750 0.006250 0.008333
0 0.696875 0.714583 0.006250 0.008333
0 0.600000 0.706250 0.006250 0.008333
0 0.614062 0.710417 0.006250 0.008333
0 0.620313 0.704167 0.006250 0.008333
0 0.629687 0.689583 0.006250 0.008333
0 0.640625 0.668750 0.006250 0.008333
0 0.656250 0.681250 0.006250 0.008333