0 0.359375 0.689583 0.006250 0.008333
0 0.362500 0.681250 0.006250 0.008333
0 0.373437 0.683333 0.006250 0.008333
0 0.378125 0.689583 0.006250 0.008333
0 0.370312 0.697917 0.006250 0.008333
0 0.364063 0.693750 0.006250 0.008333
0 0.368750 0.687500 0.006250 0.008333
0 0.359375 0.702083 0.006250 0.008333
0 0.364063 0.704167 0.006250 0.008333
0 0.371875 0.704167 0.006250 0.008333
0 0.457813 0.708333 0.006250 0.008333
0 0.468750 0.710417 0.006250 0.008333
0 0.504687 0.739583 0.006250 0.008333
0 0.515625 0.693750 0.006250 0.008333
0 0.521875 0.693750 0.006250 0.008333
0 0.532813 0.691667 0.006250 0.008333
0 0.537500 0.689583 0.006250 0.008333
0 0.545312 0.689583 0.006250 0.008333
0 0.529687 0.710417 0.006250 0.008333
0 0.535937 0.712500 0.006250 0.008333
0 0.539062 0.708333 0.006250 0.008333
0 0.578125 0.695833 0.006250 0.008333
0 0.582812 0.695833 0.006250 0.008333
0 0.579688 0.672917 0.006250 0.008333
0 0.609375 0.650000 0.006250 0.008333
0 0.642188 0.670833 0.006250 0.008333
0 0.657813 0.679167 0.006250 0.008333
0 0.698438 0.718750 0.006250 0.008333
0 0.629687 0.685417 0.006250 0.008333
0 0.628125 0.697917 0.006250 0.008333
0 0.617188 0.706250 0.006250 0.008333
0 0.614062 0.708333 0.006250 0.008333
0 0.598437 0.704167 0.006250 0.008333
0 0.606250 0.741667 0.006250 0.008333
0 0.612500 0.741667 0.006250 0.008333
0 0.623437 0.743750 0.006250 0.008333
0 0.731250 0.814583 0.012500 0.016667
0 0.731250 0.841667 0.012500 0.016667
0 0.778125 0.839583 0.012500 0.016667