0 0.781250 0.852083 0.012500 0.016667
0 0.731250 0.845833 0.012500 0.016667
0 0.731250 0.816667 0.012500 0.016667
0 0.621875 0.747917 0.006250 0.008333
0 0.615625 0.741667 0.006250 0.008333
0 0.606250 0.741667 0.006250 0.008333
0 0.621875 0.706250 0.006250 0.008333
0 0.612500 0.702083 0.006250 0.008333
0 0.600000 0.704167 0.006250 0.008333
0 0.593750 0.689583 0.006250 0.008333
0 0.585938 0.685417 0.006250 0.008333
0 0.584375 0.695833 0.006250 0.008333
0 0.576562 0.693750 0.006250 0.008333
0 0.579688 0.670833 0.006250 0.008333
0 0.562500 0.697917 0.006250 0.008333
0 0.546875 0.708333 0.006250 0.008333
0 0.539062 0.706250 0.006250 0.008333
0 0.546875 0.695833 0.006250 0.008333
0 0.548438 0.687500 0.006250 0.008333
0 0.550000 0.681250 0.006250 0.008333
0 0.539062 0.685417 0.006250 0.008333
0 0.531250 0.693750 0.006250 0.008333
0 0.526563 0.683333 0.006250 0.008333
0 0.537500 0.685417 0.006250 0.008333
0 0.528125 0.714583 0.006250 0.008333
0 0.525000 0.708333 0.006250 0.008333
0 0.503125 0.739583 0.006250 0.008333