0 0.781250 0.847917 0.012500 0.016667
0 0.732812 0.843750 0.012500 0.016667
0 0.729688 0.812500 0.012500 0.016667
0 0.621875 0.743750 0.006250 0.008333
0 0.615625 0.735417 0.006250 0.008333
0 0.612500 0.739583 0.006250 0.008333
0 0.606250 0.739583 0.006250 0.008333
0 0.596875 0.691667 0.006250 0.008333
0 0.593750 0.670833 0.006250 0.008333
0 0.581250 0.677083 0.006250 0.008333
0 0.590625 0.677083 0.006250 0.008333
0 0.590625 0.685417 0.006250 0.008333
0 0.585938 0.689583 0.006250 0.008333
0 0.596875 0.681250 0.006250 0.008333
0 0.585938 0.677083 0.006250 0.008333
0 0.584375 0.685417 0.006250 0.008333
0 0.543750 0.710417 0.006250 0.008333
0 0.537500 0.708333 0.006250 0.008333
0 0.532813 0.710417 0.006250 0.008333
0 0.525000 0.708333 0.006250 0.008333
0 0.528125 0.714583 0.006250 0.008333
0 0.504687 0.737500 0.006250 0.008333