0 0.782813 0.847917 0.012500 0.016667
0 0.734375 0.843750 0.012500 0.016667
0 0.731250 0.818750 0.012500 0.016667
0 0.593750 0.693750 0.006250 0.008333
0 0.603125 0.689583 0.006250 0.008333
0 0.590625 0.662500 0.006250 0.008333
0 0.581250 0.668750 0.006250 0.008333
0 0.585938 0.677083 0.006250 0.008333
0 0.593750 0.664583 0.006250 0.008333
0 0.582812 0.664583 0.006250 0.008333
0 0.595313 0.677083 0.006250 0.008333
0 0.576562 0.672917 0.006250 0.008333
0 0.581250 0.679167 0.006250 0.008333
0 0.601562 0.706250 0.006250 0.008333
0 0.612500 0.708333 0.006250 0.008333
0 0.620313 0.704167 0.006250 0.008333
0 0.621875 0.743750 0.006250 0.008333
0 0.614062 0.743750 0.006250 0.008333
0 0.609375 0.737500 0.006250 0.008333
0 0.606250 0.743750 0.006250 0.008333
0 0.543750 0.708333 0.006250 0.008333
0 0.537500 0.708333 0.006250 0.008333
0 0.531250 0.708333 0.006250 0.008333
0 0.523438 0.710417 0.006250 0.008333
0 0.528125 0.714583 0.006250 0.008333
0 0.504687 0.737500 0.006250 0.008333