0 0.781250 0.850000 0.012500 0.016667
0 0.732812 0.841667 0.012500 0.016667
0 0.728125 0.814583 0.012500 0.016667
0 0.698438 0.718750 0.006250 0.008333
0 0.621875 0.743750 0.006250 0.008333
0 0.617188 0.739583 0.006250 0.008333
0 0.609375 0.741667 0.006250 0.008333
0 0.604688 0.739583 0.006250 0.008333
0 0.656250 0.679167 0.006250 0.008333
0 0.642188 0.670833 0.006250 0.008333
0 0.629687 0.687500 0.006250 0.008333
0 0.628125 0.697917 0.006250 0.008333
0 0.620313 0.704167 0.006250 0.008333
0 0.612500 0.708333 0.006250 0.008333
0 0.598437 0.708333 0.006250 0.008333
0 0.609375 0.650000 0.006250 0.008333
0 0.585938 0.697917 0.006250 0.008333
0 0.579688 0.695833 0.006250 0.008333
0 0.579688 0.672917 0.006250 0.008333
0 0.539062 0.708333 0.006250 0.008333
0 0.534375 0.712500 0.006250 0.008333
0 0.528125 0.710417 0.006250 0.008333
0 0.546875 0.689583 0.006250 0.008333
0 0.542188 0.691667 0.006250 0.008333
0 0.534375 0.691667 0.006250 0.008333
0 0.521875 0.693750 0.006250 0.008333
0 0.517188 0.695833 0.006250 0.008333
0 0.503125 0.735417 0.006250 0.008333
0 0.485938 0.704167 0.006250 0.008333
0 0.476562 0.695833 0.006250 0.008333
0 0.470313 0.695833 0.006250 0.008333
0 0.475000 0.706250 0.006250 0.008333
0 0.470313 0.702083 0.006250 0.008333
0 0.482812 0.714583 0.006250 0.008333
0 0.487500 0.695833 0.006250 0.008333
0 0.479687 0.710417 0.006250 0.008333