0 0.779687 0.847917 0.012500 0.016667
0 0.731250 0.839583 0.012500 0.016667
0 0.731250 0.810417 0.012500 0.016667
0 0.620313 0.739583 0.006250 0.008333
0 0.612500 0.743750 0.006250 0.008333
0 0.604688 0.739583 0.006250 0.008333
0 0.620313 0.704167 0.006250 0.008333
0 0.614062 0.706250 0.006250 0.008333
0 0.642188 0.627083 0.006250 0.008333
0 0.609375 0.652083 0.006250 0.008333
0 0.600000 0.704167 0.006250 0.008333
0 0.582812 0.695833 0.006250 0.008333
0 0.576562 0.693750 0.006250 0.008333
0 0.578125 0.670833 0.006250 0.008333
0 0.557813 0.693750 0.006250 0.008333
0 0.550000 0.695833 0.006250 0.008333
0 0.542188 0.693750 0.006250 0.008333
0 0.535937 0.693750 0.006250 0.008333
0 0.545312 0.710417 0.006250 0.008333
0 0.539062 0.710417 0.006250 0.008333
0 0.529687 0.710417 0.006250 0.008333
0 0.528125 0.714583 0.006250 0.008333
0 0.503125 0.739583 0.006250 0.008333
0 0.512500 0.687500 0.006250 0.008333
0 0.510938 0.662500 0.006250 0.008333
0 0.518750 0.660417 0.006250 0.008333
0 0.528125 0.668750 0.006250 0.008333
0 0.517188 0.677083 0.006250 0.008333
0 0.520312 0.672917 0.006250 0.008333
0 0.515625 0.668750 0.006250 0.008333