0 0.365625 0.687500 0.006250 0.008333
0 0.356250 0.681250 0.006250 0.008333
0 0.370312 0.702083 0.006250 0.008333
0 0.382812 0.693750 0.006250 0.008333
0 0.367188 0.693750 0.006250 0.008333
0 0.362500 0.681250 0.006250 0.008333
0 0.371875 0.685417 0.006250 0.008333
0 0.359375 0.697917 0.006250 0.008333
0 0.360938 0.685417 0.006250 0.008333
0 0.456250 0.710417 0.006250 0.008333
0 0.467187 0.710417 0.006250 0.008333
0 0.503125 0.739583 0.006250 0.008333
0 0.515625 0.693750 0.006250 0.008333
0 0.781250 0.847917 0.012500 0.016667
0 0.732812 0.843750 0.012500 0.016667
0 0.620313 0.743750 0.006250 0.008333
0 0.612500 0.743750 0.006250 0.008333
0 0.607812 0.743750 0.006250 0.008333
0 0.628125 0.695833 0.006250 0.008333
0 0.618750 0.706250 0.006250 0.008333
0 0.610938 0.710417 0.006250 0.008333
0 0.629687 0.689583 0.006250 0.008333
0 0.642188 0.668750 0.006250 0.008333
0 0.657813 0.685417 0.006250 0.008333
0 0.609375 0.652083 0.006250 0.008333
0 0.596875 0.702083 0.006250 0.008333
0 0.585938 0.695833 0.006250 0.008333
0 0.578125 0.695833 0.006250 0.008333
0 0.579688 0.670833 0.006250 0.008333
0 0.548438 0.693750 0.006250 0.008333
0 0.542188 0.689583 0.006250 0.008333
0 0.534375 0.693750 0.006250 0.008333
0 0.523438 0.693750 0.006250 0.008333
0 0.542188 0.706250 0.006250 0.008333
0 0.534375 0.712500 0.006250 0.008333
0 0.529687 0.710417 0.006250 0.008333