0 0.781250 0.852083 0.012500 0.016667
0 0.732812 0.843750 0.012500 0.016667
0 0.729688 0.814583 0.012500 0.016667
0 0.696875 0.718750 0.006250 0.008333
0 0.620313 0.743750 0.006250 0.008333
0 0.612500 0.739583 0.006250 0.008333
0 0.604688 0.743750 0.006250 0.008333
0 0.656250 0.681250 0.006250 0.008333
0 0.628125 0.697917 0.006250 0.008333
0 0.620313 0.710417 0.006250 0.008333
0 0.614062 0.706250 0.006250 0.008333
0 0.631250 0.687500 0.006250 0.008333
0 0.642188 0.670833 0.006250 0.008333
0 0.609375 0.652083 0.006250 0.008333
0 0.600000 0.706250 0.006250 0.008333
0 0.584375 0.693750 0.006250 0.008333
0 0.578125 0.693750 0.006250 0.008333
0 0.576562 0.670833 0.006250 0.008333
0 0.542188 0.710417 0.006250 0.008333
0 0.534375 0.712500 0.006250 0.008333
0 0.528125 0.710417 0.006250 0.008333
0 0.546875 0.689583 0.006250 0.008333
0 0.542188 0.689583 0.006250 0.008333
0 0.534375 0.693750 0.006250 0.008333
0 0.521875 0.693750 0.006250 0.008333
0 0.515625 0.693750 0.006250 0.008333
0 0.504687 0.737500 0.006250 0.008333
0 0.478125 0.697917 0.006250 0.008333
0 0.467187 0.693750 0.006250 0.008333
0 0.470313 0.693750 0.006250 0.008333
0 0.468750 0.704167 0.006250 0.008333
0 0.464062 0.702083 0.006250 0.008333
0 0.481250 0.706250 0.006250 0.008333
0 0.484375 0.704167 0.006250 0.008333
0 0.473438 0.712500 0.006250 0.008333