0 0.781250 0.852083 0.012500 0.016667
0 0.734375 0.843750 0.012500 0.016667
0 0.731250 0.814583 0.012500 0.016667
0 0.698438 0.720833 0.006250 0.008333
0 0.621875 0.743750 0.006250 0.008333
0 0.618750 0.739583 0.006250 0.008333
0 0.612500 0.743750 0.006250 0.008333
0 0.604688 0.743750 0.006250 0.008333
0 0.600000 0.706250 0.006250 0.008333
0 0.620313 0.706250 0.006250 0.008333
0 0.614062 0.710417 0.006250 0.008333
0 0.628125 0.695833 0.006250 0.008333
0 0.657813 0.677083 0.006250 0.008333
0 0.642188 0.670833 0.006250 0.008333
0 0.609375 0.652083 0.006250 0.008333
0 0.578125 0.672917 0.006250 0.008333
0 0.584375 0.695833 0.006250 0.008333
0 0.578125 0.693750 0.006250 0.008333
0 0.537500 0.710417 0.006250 0.008333
0 0.534375 0.712500 0.006250 0.008333
0 0.529687 0.710417 0.006250 0.008333
0 0.503125 0.739583 0.006250 0.008333
0 0.545312 0.693750 0.006250 0.008333
0 0.542188 0.689583 0.006250 0.008333
0 0.534375 0.693750 0.006250 0.008333
0 0.523438 0.693750 0.006250 0.008333
0 0.517188 0.693750 0.006250 0.008333
0 0.484375 0.704167 0.006250 0.008333
0 0.485938 0.693750 0.006250 0.008333
0 0.475000 0.695833 0.006250 0.008333
0 0.459375 0.693750 0.006250 0.008333
0 0.465625 0.693750 0.006250 0.008333
0 0.464062 0.702083 0.006250 0.008333
0 0.471875 0.710417 0.006250 0.008333
0 0.479687 0.706250 0.006250 0.008333
0 0.470313 0.702083 0.006250 0.008333