0 0.779687 0.850000 0.012500 0.016667
0 0.732812 0.845833 0.012500 0.016667
0 0.731250 0.816667 0.012500 0.016667
0 0.620313 0.745833 0.006250 0.008333
0 0.617188 0.737500 0.006250 0.008333
0 0.612500 0.741667 0.006250 0.008333
0 0.604688 0.745833 0.006250 0.008333
0 0.620313 0.706250 0.006250 0.008333
0 0.614062 0.708333 0.006250 0.008333
0 0.598437 0.706250 0.006250 0.008333
0 0.596875 0.683333 0.006250 0.008333
0 0.596875 0.664583 0.006250 0.008333
0 0.584375 0.675000 0.006250 0.008333
0 0.598437 0.675000 0.006250 0.008333
0 0.595313 0.670833 0.006250 0.008333
0 0.587500 0.687500 0.006250 0.008333
0 0.545312 0.708333 0.006250 0.008333
0 0.539062 0.706250 0.006250 0.008333
0 0.531250 0.708333 0.006250 0.008333
0 0.529687 0.718750 0.006250 0.008333
0 0.525000 0.710417 0.006250 0.008333
0 0.504687 0.737500 0.006250 0.008333