0 0.515625 0.681250 0.006250 0.008333
0 0.517188 0.666667 0.006250 0.008333
0 0.782813 0.850000 0.012500 0.016667
0 0.731250 0.843750 0.012500 0.016667
0 0.731250 0.814583 0.012500 0.016667
0 0.621875 0.745833 0.006250 0.008333
0 0.612500 0.741667 0.006250 0.008333
0 0.604688 0.743750 0.006250 0.008333
0 0.618750 0.708333 0.006250 0.008333
0 0.614062 0.708333 0.006250 0.008333
0 0.600000 0.706250 0.006250 0.008333
0 0.642188 0.672917 0.006250 0.008333
0 0.607812 0.652083 0.006250 0.008333
0 0.578125 0.672917 0.006250 0.008333
0 0.584375 0.695833 0.006250 0.008333
0 0.578125 0.693750 0.006250 0.008333
0 0.545312 0.706250 0.006250 0.008333
0 0.537500 0.706250 0.006250 0.008333
0 0.529687 0.714583 0.006250 0.008333
0 0.523438 0.708333 0.006250 0.008333
0 0.529687 0.706250 0.006250 0.008333
0 0.534375 0.689583 0.006250 0.008333
0 0.542188 0.689583 0.006250 0.008333
0 0.503125 0.739583 0.006250 0.008333
0 0.521875 0.695833 0.006250 0.008333