0 0.750122 0.65821 0.028896 0.0506881
0 0.246425 0.295353 0.0175015 0.0332216
0 0.511739 0.485954 0.0227279 0.0401026
0 0.74187 0.721123 0.0312887 0.0529781
0 0.370805 0.691527 0.0274152 0.0500578
0 0.335273 0.357575 0.0196775 0.03591
0 0.103173 0.459013 0.022228 0.0388231
0 0.815602 0.223609 0.0189185 0.0350297
0 0.48222 0.327695 0.018507 0.0351859
0 0.806655 0.36552 0.0224111 0.0414341
0 0.542393 0.53718 0.0233105 0.0437199
0 0.594617 0.485385 0.0236074 0.0420908
0 0.489436 0.155484 0.0152469 0.0296809
