0 0.944149 0.84734 0.0353555 0.0593024
0 0.184749 0.739419 0.0260249 0.0457913
0 0.654508 0.244374 0.0167923 0.031813
0 0.274957 0.333576 0.0173346 0.0298358
0 0.619843 0.929092 0.0328181 0.0604802
0 0.426483 0.293689 0.0167681 0.0315099
0 0.498792 0.518063 0.0218249 0.0393372
0 0.799341 0.449365 0.0225678 0.0411398
0 0.776484 0.583119 0.0250183 0.0440728
0 0.619837 0.653888 0.0258809 0.0469198
0 0.905588 0.430811 0.0234151 0.0406265
0 0.586158 0.35353 0.0192725 0.0353103
0 0.474958 0.0643817 0.0129766 0.0224091
