0 0.594201 0.785498 0.0294449 0.0535723
0 0.588971 0.430312 0.0217733 0.0383237
0 0.92474 0.524096 0.0261529 0.0443843
0 0.572553 0.357646 0.0188978 0.0351083
0 0.732737 0.433211 0.0226082 0.0401744
0 0.190448 0.503622 0.0229808 0.0385475
0 0.496754 0.29737 0.018162 0.0330814
0 0.907382 0.57466 0.027109 0.0476705
0 0.684941 0.247703 0.0186534 0.0343831
0 0.4436 0.204587 0.0159689 0.0294482
0 0.305003 0.35799 0.0195868 0.0340451
0 0.71622 0.200022 0.0177706 0.0308375
0 0.0654228 0.166756 0.0155505 0.0264954
