0 0.708561 0.821992 0.0319988 0.0578075
0 0.306831 0.405524 0.0201649 0.035462
0 0.207925 0.590249 0.0243614 0.041364
0 0.773777 0.408485 0.0244108 0.0415567
0 0.500746 0.305881 0.0190777 0.0337955
0 0.425612 0.214892 0.0171347 0.0297194
0 0.97865 0.525441 0.0300165 0.0481741
0 0.54478 0.37158 0.0202413 0.0373529
0 0.624944 0.431329 0.0225616 0.0398826
0 0.949617 0.381956 0.0243787 0.0435321
0 0.685305 0.222037 0.0190993 0.0348524
0 0.706762 0.16844 0.017042 0.0314857
0 0.00475653 0.237594 0.00941475 0.0287393
