0 0.168063 0.50006 0.0227226 0.0380565
0 0.567691 0.364935 0.0190305 0.0356476
0 0.556259 0.800425 0.029081 0.054446
0 0.483359 0.302776 0.0182021 0.0326442
0 0.711613 0.447703 0.0227417 0.0393133
0 0.881711 0.598192 0.0269304 0.0479117
0 0.901939 0.546586 0.0263677 0.0448357
0 0.568352 0.44067 0.0217588 0.0382642
0 0.434945 0.207484 0.0163562 0.0299663
0 0.673749 0.258033 0.0187012 0.0340363
0 0.0631682 0.158794 0.0151014 0.0263932
0 0.28952 0.357563 0.0190925 0.0336611
0 0.70731 0.211704 0.0171656 0.0309165
