0 0.233783 0.30543 0.0183977 0.0311632
0 0.269982 0.697993 0.0267366 0.0477243
0 0.738748 0.75468 0.0300917 0.0543098
0 0.972219 0.623986 0.0300767 0.0485939
0 0.672009 0.663669 0.0266373 0.0482652
0 0.850456 0.310355 0.0201939 0.0356934
0 0.521914 0.440328 0.021748 0.0377357
0 0.590815 0.183409 0.0160477 0.0290894
0 0.639906 0.533735 0.023849 0.0427858
0 0.383975 0.249896 0.0174121 0.0317968
0 0.768863 0.338562 0.0205498 0.0361663
0 0.557979 0.285121 0.0182081 0.0328222
0 0.367066 0.0292697 0.0121261 0.0233799
