0 0.621975 0.366072 0.0212379 0.0402028
0 0.374084 0.14416 0.0157658 0.0302665
0 0.901544 0.175234 0.018566 0.0329629
0 0.672316 0.336842 0.0209906 0.0385726
0 0.448389 0.204405 0.0170451 0.0322899
0 0.597565 0.0722581 0.0147278 0.02938
0 0.878622 0.280813 0.0208725 0.0382619
0 0.787361 0.526495 0.0272024 0.0480509
0 0.465275 0.446029 0.0222925 0.0418682
0 0.580296 0.203576 0.0174487 0.0337779
0 0.800459 0.483779 0.0257009 0.0442982
0 0.332777 0.524556 0.0240122 0.043564
0 0.248245 0.241067 0.0186165 0.0340058
