0 0.644237 0.770736 0.02991 0.0540183
0 0.752802 0.409198 0.02239 0.0402015
0 0.316982 0.365165 0.0190224 0.0335124
0 0.21234 0.519472 0.023011 0.038015
0 0.690138 0.229448 0.0182475 0.0328735
0 0.565222 0.350683 0.0188274 0.0351123
0 0.948522 0.485472 0.0253672 0.043473
0 0.0540437 0.187447 0.0153852 0.0269881
0 0.609219 0.417331 0.0214043 0.0377714
0 0.505846 0.291732 0.0180593 0.0324909
0 0.444491 0.202099 0.0161263 0.0299565
0 0.71709 0.18093 0.0175204 0.0310757
0 0.935856 0.536895 0.0263226 0.0456632
