0 0.443922 0.030634 0.017198 0.027176
0 0.974133 0.491449 0.031536 0.049509
0 0.787888 0.014884 0.021714 0.027176
0 0.974195 0.490921 0.031714 0.052657
0 0.731297 0.327218 0.025417 0.044639
0 0.536818 0.220088 0.020531 0.037787
0 0.884622 0.141926 0.022505 0.040944
0 0.788693 0.014940 0.019385 0.029565
0 0.443935 0.028102 0.015464 0.030537
0 0.244906 0.277282 0.020917 0.036731
0 0.359367 0.303264 0.019984 0.037917
0 0.144302 0.516667 0.025344 0.045370
0 0.005318 0.740083 0.008635 0.044685
0 0.590284 0.631495 0.030026 0.054231
0 0.640016 0.780009 0.034281 0.062204
0 0.383945 0.308241 0.021172 0.040556
