0 0.912429 0.847335 0.0359454 0.0611229
0 0.802275 0.425203 0.0243802 0.0429581
0 0.916961 0.410253 0.0239232 0.0426049
0 0.569039 0.899953 0.0325663 0.0616395
0 0.596759 0.624288 0.0255837 0.0473513
0 0.594042 0.31696 0.0198246 0.0362827
0 0.507151 0.022094 0.0133888 0.0249888
0 0.896407 0.498116 0.0273703 0.0469179
0 0.440456 0.251167 0.0172188 0.0321729
0 0.16502 0.678922 0.0257675 0.0461349
0 0.675189 0.207786 0.0185921 0.0330033
0 0.289136 0.284793 0.0181132 0.0316065
0 0.489056 0.47937 0.0220118 0.0394765
