0 0.208062 0.56039 0.023683 0.0401709
0 0.764345 0.404364 0.0238206 0.0412761
0 0.617104 0.422535 0.0219025 0.0407211
0 0.309136 0.387785 0.0196533 0.0341351
0 0.961023 0.522704 0.0289571 0.0482337
0 0.953041 0.423471 0.0259293 0.043973
0 0.682661 0.796474 0.03124 0.0556367
0 0.685113 0.221029 0.0184347 0.0349839
0 0.430723 0.207924 0.0165674 0.0303264
0 0.548835 0.359978 0.0202223 0.0367985
0 0.500804 0.297714 0.0191561 0.0335787
0 0.0197376 0.217578 0.0161863 0.0282612
0 0.708884 0.169401 0.0180032 0.0311534
