0 0.551349 0.230873 0.0181 0.0334928
0 0.231033 0.310464 0.0190562 0.0323858
0 0.695877 0.433213 0.0230629 0.0411796
0 0.783418 0.641335 0.0280927 0.0491569
0 0.991688 0.442333 0.0166251 0.0410841
0 0.819842 0.205134 0.0181341 0.0336972
0 0.562924 0.377648 0.0219602 0.0380478
0 0.397877 0.667077 0.0270454 0.0485347
0 0.843177 0.600377 0.0282641 0.0492271
0 0.280596 0.0200916 0.0127069 0.0235765
0 0.369768 0.229394 0.0176493 0.0312601
0 0.757738 0.241606 0.0198672 0.0348462
0 0.5525 0.133402 0.016259 0.0304348
