0 0.319153 0.237146 0.0183974 0.0340694
0 0.957927 0.82427 0.0357951 0.061191
0 0.869491 0.168145 0.0205373 0.0372135
0 0.542514 0.148382 0.0172831 0.0331026
0 0.315161 0.741867 0.0296327 0.0530753
0 0.452661 0.292856 0.0202644 0.0360333
0 0.542224 0.209632 0.0181721 0.0349422
0 0.768859 0.306607 0.0230901 0.0415989
0 0.950951 0.334038 0.0243947 0.0427606
0 0.278604 0.464908 0.0235208 0.0418336
0 0.797456 0.310137 0.0227208 0.0407
0 0.63896 0.390767 0.0230024 0.0413674
0 0.322308 0.208806 0.0174991 0.0289855
