0 0.980554 0.59029 0.028847 0.0476175
0 0.95327 0.640517 0.0289164 0.0493483
0 0.632581 0.427291 0.0222322 0.0402553
0 0.780027 0.358131 0.0212936 0.0384738
0 0.589095 0.795548 0.0291475 0.0540428
0 0.240468 0.4332 0.0216349 0.0368614
0 0.783585 0.455405 0.0238567 0.0417688
0 0.557824 0.27352 0.0184738 0.0330749
0 0.363881 0.30746 0.0188531 0.0341213
0 0.51751 0.169719 0.0167998 0.0305406
0 0.168379 0.0849805 0.014294 0.0249277
0 0.800618 0.201903 0.0191467 0.0340701
0 0.759786 0.248848 0.0201131 0.0364766
