0 0.632571 0.397957 0.0228425 0.0407718
0 0.568679 0.762537 0.0299609 0.0554821
0 0.982723 0.568253 0.028594 0.0483166
0 0.368566 0.276003 0.0185492 0.0333229
0 0.564838 0.245011 0.0186195 0.0345933
0 0.240268 0.396857 0.0220382 0.0373306
0 0.78564 0.428214 0.0251506 0.0437412
0 0.867599 0.340742 0.0228101 0.0404572
0 0.529828 0.142398 0.0162065 0.0310569
0 0.772263 0.221578 0.0205549 0.036704
0 0.816829 0.175 0.0194757 0.0347648
0 0.952109 0.619058 0.0302678 0.052898
0 0.188366 0.0582623 0.0141343 0.0249461
