0 0.872563 0.386766 0.0213038 0.0365893
0 0.951154 0.746741 0.0315051 0.0530624
0 0.671659 0.851008 0.0318044 0.058178
0 0.251245 0.326997 0.0176592 0.0307665
0 0.424574 0.0606243 0.0119454 0.0221192
0 0.568094 0.332052 0.0187836 0.0336196
0 0.504674 0.489727 0.0211577 0.0381524
0 0.216212 0.72338 0.0277765 0.047143
0 0.656682 0.624047 0.0228015 0.0432583
0 0.402719 0.283485 0.0165415 0.0298163
0 0.619576 0.229629 0.0167094 0.0300566
0 0.77889 0.409195 0.0214054 0.0365329
0 0.632517 0.605858 0.023701 0.0434322
