0 0.234166 0.422082 0.0222331 0.037185
0 0.581404 0.792579 0.0297045 0.0555047
0 0.783668 0.447786 0.0242799 0.0421461
0 0.98222 0.586228 0.0287064 0.0479186
0 0.360834 0.295903 0.0191263 0.0345417
0 0.80545 0.351504 0.0228976 0.0391669
0 0.762363 0.23879 0.0196692 0.0352017
0 0.630641 0.418361 0.0223534 0.039746
0 0.953734 0.638486 0.029377 0.0519294
0 0.804119 0.191727 0.0188052 0.0343419
0 0.557258 0.262904 0.0183927 0.0332906
0 0.518123 0.158037 0.0170268 0.0305146
0 0.168158 0.0716824 0.0148809 0.0264627
