0 0.98562 0.57492 0.0276861 0.0481203
0 0.23436 0.406386 0.0227273 0.0381133
0 0.576428 0.77687 0.0303249 0.0560951
0 0.786121 0.435284 0.0253474 0.0437542
0 0.767878 0.226576 0.0210032 0.0376071
0 0.836976 0.343057 0.0232915 0.0401677
0 0.632437 0.405087 0.0233917 0.0414219
0 0.363462 0.282755 0.0193257 0.0338876
0 0.957032 0.625883 0.030462 0.0519439
0 0.810885 0.179655 0.0195089 0.035604
0 0.560708 0.250695 0.0194659 0.0348875
0 0.523136 0.146768 0.0170734 0.0317708
0 0.174646 0.0612842 0.0154118 0.0258084
