0 0.532084 0.891926 0.0329469 0.0616591
0 0.883271 0.850524 0.0359507 0.0610432
0 0.473572 0.466078 0.022189 0.0387054
0 0.574092 0.614192 0.0255755 0.0470506
0 0.284924 0.267507 0.0182172 0.0317279
0 0.930778 0.471529 0.0273249 0.0455502
0 0.792422 0.417263 0.0247004 0.0421956
0 0.436645 0.236263 0.0175168 0.0323351
0 0.673972 0.195375 0.0181091 0.0333217
0 0.910689 0.405234 0.0249247 0.0436344
0 0.586603 0.304555 0.0202747 0.0373444
0 0.143346 0.65717 0.0254441 0.0458796
0 0.513514 0.0106283 0.013329 0.0212566
