0 0.286163 0.331675 0.0176823 0.0298705
0 0.940142 0.860029 0.0347637 0.0592556
0 0.188685 0.734075 0.0264982 0.0452452
0 0.912878 0.438173 0.0240568 0.0411541
0 0.612599 0.933464 0.0320543 0.0591923
0 0.664856 0.246574 0.0173098 0.031215
0 0.501921 0.519527 0.0219783 0.0378706
0 0.436019 0.294251 0.016524 0.0307911
0 0.804778 0.454929 0.0232717 0.0390573
0 0.619396 0.657576 0.0257838 0.0462784
0 0.818746 0.567298 0.0251277 0.0442308
0 0.593437 0.355251 0.0188286 0.0345474
0 0.488524 0.0646991 0.0128849 0.0224888
