0 0.781323 0.437916 0.02368 0.0387035
0 0.940587 0.81665 0.03476 0.0574178
0 0.251344 0.336483 0.0183665 0.0313447
0 0.404941 0.294663 0.0170099 0.0311033
0 0.180338 0.750353 0.0277146 0.047906
0 0.62971 0.242639 0.0171164 0.0299915
0 0.882344 0.418008 0.0231303 0.0397044
0 0.490499 0.51511 0.0219959 0.0394182
0 0.694009 0.614956 0.0264153 0.0456863
0 0.618786 0.643214 0.0252861 0.0447661
0 0.56845 0.350548 0.0194611 0.035025
0 0.633229 0.913723 0.0330996 0.0606238
0 0.444545 0.0654084 0.0121824 0.0212657
