0 0.527938 0.810897 0.0291081 0.0539417
0 0.698058 0.459511 0.0228236 0.0399623
0 0.279784 0.355345 0.0198547 0.0344415
0 0.554596 0.447725 0.0211266 0.0379882
0 0.475354 0.305927 0.0183821 0.0330014
0 0.153781 0.495038 0.0228318 0.0383957
0 0.570798 0.371428 0.0196762 0.0351615
0 0.863032 0.617364 0.0275884 0.0474787
0 0.885413 0.566705 0.0264092 0.0450026
0 0.667232 0.266875 0.0188197 0.0338825
0 0.430673 0.208182 0.0168251 0.029543
0 0.0641801 0.149198 0.0150209 0.0260813
0 0.703066 0.220468 0.0177528 0.0323628
