0 0.61161 0.0651901 0.0144783 0.0287077
0 0.595971 0.198426 0.0170677 0.0331722
0 0.900882 0.279933 0.0205399 0.0377193
0 0.462068 0.198411 0.0171804 0.0327035
0 0.328971 0.546489 0.0254249 0.047083
0 0.825699 0.487144 0.0259989 0.0451737
0 0.259882 0.234919 0.0189311 0.0347058
0 0.641009 0.365296 0.0219847 0.0399913
0 0.921976 0.172126 0.0188787 0.0335338
0 0.813124 0.531008 0.0271535 0.0486905
0 0.482574 0.445438 0.0227289 0.0426267
0 0.691839 0.335305 0.0216386 0.0383841
0 0.386277 0.137749 0.0157143 0.0298328
