0 0.184755 0.421367 0.0226159 0.0375208
0 0.925519 0.544255 0.0273598 0.0464685
0 0.545722 0.761399 0.0298498 0.0552619
0 0.733376 0.42345 0.0235666 0.0420411
0 0.312877 0.293105 0.0193033 0.0344891
0 0.509767 0.256095 0.0183999 0.0328627
0 0.651263 0.327387 0.0212041 0.0377973
0 0.585648 0.402014 0.0216553 0.0381415
0 0.468277 0.155858 0.0165421 0.0299013
0 0.899655 0.594199 0.0275347 0.0500938
0 0.708642 0.22684 0.0196588 0.034514
0 0.107951 0.0792768 0.0149079 0.024769
0 0.747361 0.181479 0.0179782 0.0327727
