0 0.54933 0.32212 0.0212308 0.0376606
0 0.647798 0.230686 0.0198003 0.0338485
0 0.551098 0.68995 0.0293686 0.0527995
0 0.478762 0.379533 0.0225656 0.0413284
0 0.907868 0.526435 0.0249916 0.0418798
0 0.615985 0.347161 0.0202891 0.0388283
0 0.393031 0.21066 0.0196227 0.0359456
0 0.793821 0.516314 0.0252914 0.0440527
0 0.457202 0.506196 0.0254287 0.0455747
0 0.028261 0.767298 0.039096 0.0648483
0 0.606402 0.319286 0.0189453 0.0342423
0 0.608451 0.323534 0.0176186 0.0326972
0 0.61159 0.337839 0.02069 0.0366204
