0 0.28774 0.265052 0.016922 0.0317436
0 0.171204 0.428743 0.0212184 0.0370989
0 0.647706 0.358411 0.0217812 0.0404559
0 0.804771 0.5206 0.0281067 0.0493352
0 0.495527 0.085154 0.0139518 0.0270389
0 0.460488 0.569933 0.024496 0.0457444
0 0.0345405 0.563555 0.0230924 0.0388613
0 0.835618 0.217771 0.0209888 0.0385637
0 0.519971 0.248684 0.0177743 0.0340744
0 0.462087 0.683621 0.027769 0.0526148
0 0.791742 0.0931523 0.0181618 0.031986
0 0.365726 0.296839 0.0176179 0.0336392
0 0.381914 0.300683 0.0194574 0.0340846
0 0.373844 0.299175 0.0312239 0.0382439
