0 0.455609 0.041741 0.015917 0.030815
0 0.945820 0.491370 0.031057 0.052963
0 0.791789 0.023819 0.020516 0.030176
0 0.946971 0.490921 0.031714 0.052657
0 0.719167 0.332866 0.025417 0.044639
0 0.535555 0.224972 0.018995 0.036019
0 0.878503 0.153102 0.022505 0.040944
0 0.791081 0.026130 0.018734 0.033037
0 0.455677 0.041861 0.013990 0.030537
0 0.255792 0.274856 0.019479 0.033028
0 0.363169 0.300796 0.018870 0.034759
0 0.153036 0.497602 0.025344 0.040963
0 0.010807 0.702806 0.021615 0.044685
0 0.568841 0.615250 0.030026 0.050241
0 0.609995 0.756648 0.034281 0.059222
0 0.386143 0.305329 0.019578 0.036509
