0 0.613258 0.416404 0.0213545 0.0376767
0 0.662726 0.777767 0.0300275 0.0553255
0 0.758475 0.403775 0.0229663 0.0405558
0 0.438186 0.20287 0.0160819 0.0291171
0 0.947616 0.52592 0.0272924 0.046342
0 0.687622 0.222763 0.0188033 0.0343292
0 0.55593 0.352446 0.0196467 0.0360203
0 0.313502 0.372985 0.0190452 0.0339002
0 0.21062 0.535214 0.0228729 0.0391754
0 0.503639 0.29213 0.0182573 0.033627
0 0.0378579 0.20016 0.0155871 0.0257598
0 0.7135 0.172714 0.0177724 0.0312081
0 0.953108 0.472017 0.0179133 0.0426899
