0 0.885717 0.549457 0.0300105 0.0521453
0 0.292962 0.659491 0.0298367 0.0540462
0 0.95234 0.262042 0.0218026 0.0408152
0 0.392993 0.121878 0.0166527 0.0324491
0 0.8945 0.498603 0.028655 0.0485979
0 0.683513 0.366027 0.0231689 0.0425763
0 0.96344 0.142883 0.0202716 0.0357046
0 0.478191 0.186832 0.0179537 0.0358332
0 0.736227 0.330719 0.0234928 0.0427808
0 0.518584 0.463796 0.0237779 0.0449944
0 0.621351 0.181761 0.0184537 0.0354918
0 0.264254 0.234405 0.0204654 0.0372616
0 0.626474 0.0348552 0.0153332 0.0299065
