0 0.6502403846153846 0.5973557692307693 0.109375 0.16947115384615385
0 0.7704326923076923 0.6454326923076923 0.12139423076923077 0.18389423076923078
0 0.9230769230769231 0.7007211538461539 0.15264423076923078 0.2283653846153846
0 0.5865384615384616 0.7896634615384616 0.11177884615384616 0.18269230769230768
0 0.7043269230769231 0.8725961538461539 0.13221153846153846 0.21754807692307693
0 0.8617788461538461 0.9170673076923077 0.16466346153846154 0.15384615384615385
0 0.7596153846153846 0.24759615384615385 0.09975961538461539 0.14182692307692307
0 0.8810096153846154 0.2512019230769231 0.11778846153846154 0.17067307692307693
0 0.9771634615384616 0.25841346153846156 0.038461538461538464 0.16466346153846154
0 0.7091346153846154 0.4110576923076923 0.11177884615384616 0.16105769230769232
0 0.8305288461538461 0.43990384615384615 0.12139423076923077 0.17427884615384615
0 0.9507211538461539 0.4699519230769231 0.09375 0.20432692307692307