0 0.992188 0.775000 0.012500 0.016667
0 0.950000 0.762500 0.012500 0.016667
0 0.945312 0.762500 0.012500 0.016667
0 0.917188 0.697917 0.006250 0.008333
0 0.967187 0.839583 0.012500 0.016667
0 0.957812 0.841667 0.012500 0.016667
0 0.945312 0.850000 0.012500 0.016667
0 0.937500 0.829167 0.012500 0.016667
0 0.920312 0.854167 0.012500 0.016667
0 0.903125 0.889583 0.012500 0.016667
0 0.831250 0.766667 0.012500 0.016667
0 0.831250 0.679167 0.006250 0.008333
0 0.803125 0.687500 0.006250 0.008333
0 0.757812 0.654167 0.006250 0.008333
0 0.746875 0.654167 0.006250 0.008333
0 0.760938 0.704167 0.006250 0.008333
0 0.715625 0.666667 0.006250 0.008333
0 0.703125 0.650000 0.006250 0.008333
0 0.689063 0.660417 0.006250 0.008333
0 0.656250 0.681250 0.006250 0.008333
0 0.642188 0.668750 0.006250 0.008333
0 0.614062 0.662500 0.006250 0.008333
0 0.609375 0.647917 0.006250 0.008333
0 0.585938 0.645833 0.006250 0.008333
0 0.582812 0.658333 0.006250 0.008333
0 0.559375 0.650000 0.006250 0.008333
0 0.501563 0.645833 0.006250 0.008333
0 0.495312 0.650000 0.006250 0.008333
0 0.490625 0.650000 0.006250 0.008333
0 0.467187 0.658333 0.006250 0.008333
0 0.440625 0.650000 0.006250 0.008333
0 0.445312 0.681250 0.006250 0.008333
0 0.373437 0.635417 0.006250 0.008333
0 0.304688 0.672917 0.006250 0.008333
0 0.182812 0.708333 0.006250 0.008333
0 0.267188 0.752083 0.012500 0.016667
0 0.368750 0.704167 0.006250 0.008333
0 0.357812 0.710417 0.006250 0.008333
0 0.456250 0.712500 0.006250 0.008333
0 0.429688 0.739583 0.006250 0.008333
0 0.487500 0.670833 0.006250 0.008333
0 0.489063 0.685417 0.006250 0.008333
0 0.629687 0.687500 0.006250 0.008333
0 0.628125 0.700000 0.006250 0.008333
0 0.623437 0.704167 0.006250 0.008333
0 0.617188 0.706250 0.006250 0.008333
0 0.612500 0.708333 0.006250 0.008333
0 0.610938 0.704167 0.006250 0.008333
0 0.595313 0.689583 0.006250 0.008333
0 0.584375 0.697917 0.006250 0.008333
0 0.578125 0.693750 0.006250 0.008333
0 0.578125 0.716667 0.006250 0.008333
0 0.568750 0.737500 0.006250 0.008333
0 0.564063 0.716667 0.006250 0.008333
0 0.550000 0.702083 0.006250 0.008333
0 0.542188 0.695833 0.006250 0.008333
0 0.531250 0.691667 0.006250 0.008333
0 0.509375 0.689583 0.006250 0.008333
0 0.500000 0.689583 0.006250 0.008333
0 0.495312 0.697917 0.006250 0.008333
0 0.531250 0.712500 0.006250 0.008333
0 0.512500 0.718750 0.006250 0.008333
0 0.500000 0.708333 0.006250 0.008333
0 0.496875 0.714583 0.006250 0.008333
0 0.500000 0.743750 0.006250 0.008333
0 0.468750 0.747917 0.006250 0.008333
0 0.456250 0.758333 0.012500 0.016667
0 0.518750 0.779167 0.012500 0.016667
0 0.504687 0.783333 0.012500 0.016667
0 0.493750 0.775000 0.012500 0.016667
0 0.484375 0.777083 0.012500 0.016667
0 0.476562 0.775000 0.012500 0.016667
0 0.740625 0.737500 0.006250 0.008333
0 0.726562 0.745833 0.006250 0.008333
0 0.698438 0.718750 0.006250 0.008333
0 0.679688 0.743750 0.006250 0.008333
0 0.681250 0.756250 0.012500 0.016667
0 0.675000 0.754167 0.012500 0.016667
0 0.675000 0.764583 0.012500 0.016667
0 0.650000 0.743750 0.006250 0.008333
0 0.650000 0.772917 0.012500 0.016667
0 0.640625 0.768750 0.012500 0.016667
0 0.626563 0.735417 0.006250 0.008333
0 0.621875 0.727083 0.006250 0.008333
0 0.610938 0.739583 0.006250 0.008333
0 0.600000 0.739583 0.006250 0.008333
0 0.601562 0.758333 0.012500 0.016667
0 0.781250 0.845833 0.012500 0.016667
0 0.731250 0.843750 0.012500 0.016667
0 0.721875 0.814583 0.012500 0.016667