0 0.781250 0.845833 0.012500 0.016667
0 0.734375 0.843750 0.012500 0.016667
0 0.729688 0.814583 0.012500 0.016667
0 0.621875 0.745833 0.006250 0.008333
0 0.612500 0.741667 0.006250 0.008333
0 0.604688 0.741667 0.006250 0.008333
0 0.620313 0.706250 0.006250 0.008333
0 0.612500 0.706250 0.006250 0.008333
0 0.600000 0.706250 0.006250 0.008333
0 0.503125 0.739583 0.006250 0.008333
0 0.593750 0.693750 0.006250 0.008333
0 0.585938 0.693750 0.006250 0.008333
0 0.579688 0.693750 0.006250 0.008333
0 0.543750 0.708333 0.006250 0.008333
0 0.534375 0.706250 0.006250 0.008333
0 0.528125 0.718750 0.006250 0.008333
0 0.525000 0.710417 0.006250 0.008333
0 0.534375 0.691667 0.006250 0.008333
0 0.543750 0.693750 0.006250 0.008333
0 0.562500 0.675000 0.006250 0.008333
0 0.568750 0.687500 0.006250 0.008333
0 0.571875 0.677083 0.006250 0.008333
0 0.550000 0.670833 0.006250 0.008333
0 0.560937 0.691667 0.006250 0.008333