0 0.196875 0.712500 0.006250 0.008333
0 0.267188 0.752083 0.012500 0.016667
0 0.295312 0.700000 0.006250 0.008333
0 0.357812 0.708333 0.006250 0.008333
0 0.370312 0.825000 0.012500 0.016667
0 0.971875 0.943750 0.012500 0.016667
0 0.964063 0.839583 0.012500 0.016667
0 0.956250 0.841667 0.012500 0.016667
0 0.945312 0.854167 0.012500 0.016667
0 0.923438 0.854167 0.012500 0.016667
0 0.904687 0.887500 0.012500 0.016667
0 0.937500 0.831250 0.012500 0.016667
0 0.928125 0.764583 0.012500 0.016667
0 0.831250 0.675000 0.006250 0.008333
0 0.804688 0.685417 0.006250 0.008333
0 0.759375 0.652083 0.006250 0.008333
0 0.746875 0.654167 0.006250 0.008333
0 0.762500 0.702083 0.006250 0.008333
0 0.829688 0.768750 0.012500 0.016667
0 0.779687 0.847917 0.012500 0.016667
0 0.729688 0.777083 0.012500 0.016667
0 0.726562 0.747917 0.006250 0.008333
0 0.696875 0.718750 0.006250 0.008333
0 0.714063 0.666667 0.006250 0.008333
0 0.703125 0.652083 0.006250 0.008333
0 0.690625 0.656250 0.006250 0.008333
0 0.656250 0.681250 0.006250 0.008333
0 0.639062 0.670833 0.006250 0.008333
0 0.615625 0.660417 0.006250 0.008333
0 0.609375 0.650000 0.006250 0.008333
0 0.587500 0.645833 0.006250 0.008333
0 0.581250 0.658333 0.006250 0.008333
0 0.503125 0.647917 0.006250 0.008333
0 0.495312 0.650000 0.006250 0.008333
0 0.485938 0.654167 0.006250 0.008333
0 0.440625 0.650000 0.006250 0.008333
0 0.446875 0.679167 0.006250 0.008333
0 0.434375 0.704167 0.006250 0.008333
0 0.428125 0.708333 0.006250 0.008333
0 0.648438 0.837500 0.012500 0.016667
0 0.681250 0.756250 0.012500 0.016667
0 0.681250 0.743750 0.006250 0.008333
0 0.679688 0.743750 0.006250 0.008333
0 0.648438 0.743750 0.006250 0.008333
0 0.642188 0.770833 0.012500 0.016667
0 0.628125 0.735417 0.006250 0.008333
0 0.621875 0.704167 0.006250 0.008333
0 0.610938 0.708333 0.006250 0.008333
0 0.606250 0.700000 0.006250 0.008333
0 0.601562 0.695833 0.006250 0.008333
0 0.598437 0.708333 0.006250 0.008333
0 0.596875 0.697917 0.006250 0.008333
0 0.590625 0.693750 0.006250 0.008333
0 0.582812 0.697917 0.006250 0.008333
0 0.578125 0.693750 0.006250 0.008333
0 0.589063 0.733333 0.006250 0.008333
0 0.579688 0.720833 0.006250 0.008333
0 0.570312 0.729167 0.006250 0.008333
0 0.562500 0.714583 0.006250 0.008333
0 0.557813 0.716667 0.006250 0.008333
0 0.556250 0.718750 0.006250 0.008333
0 0.550000 0.681250 0.006250 0.008333
0 0.545312 0.675000 0.006250 0.008333
0 0.543750 0.670833 0.006250 0.008333
0 0.548438 0.700000 0.006250 0.008333
0 0.539062 0.695833 0.006250 0.008333
0 0.534375 0.693750 0.006250 0.008333
0 0.515625 0.685417 0.006250 0.008333
0 0.510938 0.691667 0.006250 0.008333
0 0.507812 0.685417 0.006250 0.008333
0 0.496875 0.695833 0.006250 0.008333
0 0.490625 0.685417 0.006250 0.008333
0 0.476562 0.689583 0.006250 0.008333
0 0.457813 0.718750 0.006250 0.008333
0 0.453125 0.722917 0.006250 0.008333
0 0.431250 0.739583 0.006250 0.008333
0 0.481250 0.731250 0.006250 0.008333
0 0.498437 0.708333 0.006250 0.008333
0 0.534375 0.710417 0.006250 0.008333
0 0.529687 0.712500 0.006250 0.008333
0 0.520312 0.725000 0.006250 0.008333
0 0.543750 0.750000 0.012500 0.016667
0 0.539062 0.752083 0.012500 0.016667
0 0.500000 0.768750 0.012500 0.016667
0 0.485938 0.779167 0.012500 0.016667
0 0.464062 0.785417 0.012500 0.016667
0 0.456250 0.754167 0.012500 0.016667
0 0.437500 0.789583 0.012500 0.016667