0 0.781250 0.852083 0.012500 0.016667
0 0.732812 0.847917 0.012500 0.016667
0 0.731250 0.812500 0.012500 0.016667
0 0.620313 0.747917 0.006250 0.008333
0 0.612500 0.743750 0.006250 0.008333
0 0.604688 0.743750 0.006250 0.008333
0 0.618750 0.706250 0.006250 0.008333
0 0.612500 0.708333 0.006250 0.008333
0 0.600000 0.706250 0.006250 0.008333
0 0.628125 0.589583 0.006250 0.008333
0 0.610938 0.652083 0.006250 0.008333
0 0.578125 0.670833 0.006250 0.008333
0 0.585938 0.697917 0.006250 0.008333
0 0.579688 0.693750 0.006250 0.008333
0 0.562500 0.695833 0.006250 0.008333
0 0.556250 0.691667 0.006250 0.008333
0 0.548438 0.687500 0.006250 0.008333
0 0.542188 0.693750 0.006250 0.008333
0 0.535937 0.691667 0.006250 0.008333
0 0.543750 0.710417 0.006250 0.008333
0 0.537500 0.710417 0.006250 0.008333
0 0.528125 0.714583 0.006250 0.008333
0 0.504687 0.737500 0.006250 0.008333
0 0.532813 0.668750 0.006250 0.008333
0 0.529687 0.666667 0.006250 0.008333