0 0.346875 0.691667 0.006250 0.008333
0 0.350000 0.683333 0.006250 0.008333
0 0.360938 0.687500 0.006250 0.008333
0 0.354687 0.697917 0.006250 0.008333
0 0.356250 0.691667 0.006250 0.008333
0 0.368750 0.689583 0.006250 0.008333
0 0.357812 0.706250 0.006250 0.008333
0 0.362500 0.704167 0.006250 0.008333
0 0.370312 0.702083 0.006250 0.008333
0 0.375000 0.704167 0.006250 0.008333
0 0.456250 0.710417 0.006250 0.008333
0 0.468750 0.710417 0.006250 0.008333
0 0.504687 0.739583 0.006250 0.008333
0 0.517188 0.697917 0.006250 0.008333
0 0.523438 0.693750 0.006250 0.008333
0 0.534375 0.689583 0.006250 0.008333
0 0.542188 0.691667 0.006250 0.008333
0 0.546875 0.689583 0.006250 0.008333
0 0.531250 0.710417 0.006250 0.008333
0 0.535937 0.714583 0.006250 0.008333
0 0.539062 0.710417 0.006250 0.008333
0 0.578125 0.695833 0.006250 0.008333
0 0.582812 0.695833 0.006250 0.008333
0 0.578125 0.675000 0.006250 0.008333
0 0.609375 0.652083 0.006250 0.008333
0 0.600000 0.706250 0.006250 0.008333
0 0.612500 0.706250 0.006250 0.008333
0 0.618750 0.706250 0.006250 0.008333
0 0.606250 0.741667 0.006250 0.008333
0 0.612500 0.741667 0.006250 0.008333
0 0.621875 0.741667 0.006250 0.008333
0 0.629687 0.691667 0.006250 0.008333
0 0.642188 0.670833 0.006250 0.008333
0 0.656250 0.679167 0.006250 0.008333
0 0.698438 0.718750 0.006250 0.008333
0 0.729688 0.814583 0.012500 0.016667
0 0.732812 0.843750 0.012500 0.016667
0 0.781250 0.850000 0.012500 0.016667