0 0.220312 0.689583 0.006250 0.008333
0 0.185938 0.708333 0.006250 0.008333
0 0.376563 0.633333 0.006250 0.008333
0 0.367188 0.704167 0.006250 0.008333
0 0.357812 0.710417 0.006250 0.008333
0 0.439063 0.652083 0.006250 0.008333
0 0.831250 0.677083 0.006250 0.008333
0 0.806250 0.687500 0.006250 0.008333
0 0.759375 0.654167 0.006250 0.008333
0 0.746875 0.654167 0.006250 0.008333
0 0.704688 0.652083 0.006250 0.008333
0 0.715625 0.666667 0.006250 0.008333
0 0.690625 0.656250 0.006250 0.008333
0 0.657813 0.679167 0.006250 0.008333
0 0.642188 0.668750 0.006250 0.008333
0 0.614062 0.658333 0.006250 0.008333
0 0.609375 0.652083 0.006250 0.008333
0 0.587500 0.645833 0.006250 0.008333
0 0.581250 0.656250 0.006250 0.008333
0 0.559375 0.650000 0.006250 0.008333
0 0.503125 0.650000 0.006250 0.008333
0 0.496875 0.650000 0.006250 0.008333
0 0.490625 0.652083 0.006250 0.008333
0 0.445312 0.679167 0.006250 0.008333
0 0.514062 0.675000 0.006250 0.008333
0 0.762500 0.704167 0.006250 0.008333
0 0.698438 0.718750 0.006250 0.008333
0 0.629687 0.687500 0.006250 0.008333
0 0.628125 0.695833 0.006250 0.008333
0 0.623437 0.706250 0.006250 0.008333
0 0.617188 0.706250 0.006250 0.008333
0 0.612500 0.708333 0.006250 0.008333
0 0.610938 0.704167 0.006250 0.008333
0 0.596875 0.691667 0.006250 0.008333
0 0.581250 0.697917 0.006250 0.008333
0 0.578125 0.693750 0.006250 0.008333
0 0.576562 0.716667 0.006250 0.008333
0 0.559375 0.714583 0.006250 0.008333
0 0.550000 0.702083 0.006250 0.008333
0 0.543750 0.695833 0.006250 0.008333
0 0.532813 0.693750 0.006250 0.008333
0 0.531250 0.710417 0.006250 0.008333
0 0.510938 0.689583 0.006250 0.008333
0 0.501563 0.687500 0.006250 0.008333
0 0.495312 0.693750 0.006250 0.008333
0 0.490625 0.687500 0.006250 0.008333
0 0.512500 0.720833 0.006250 0.008333
0 0.503125 0.708333 0.006250 0.008333
0 0.498437 0.712500 0.006250 0.008333
0 0.457813 0.710417 0.006250 0.008333
0 0.431250 0.737500 0.006250 0.008333
0 0.500000 0.743750 0.006250 0.008333
0 0.476562 0.750000 0.012500 0.016667
0 0.454688 0.758333 0.012500 0.016667
0 0.487500 0.766667 0.012500 0.016667
0 0.492188 0.770833 0.012500 0.016667
0 0.487500 0.779167 0.012500 0.016667
0 0.509375 0.770833 0.012500 0.016667
0 0.506250 0.783333 0.012500 0.016667
0 0.570312 0.743750 0.006250 0.008333
0 0.623437 0.727083 0.006250 0.008333
0 0.628125 0.735417 0.006250 0.008333
0 0.832812 0.768750 0.012500 0.016667
0 0.800000 0.754167 0.012500 0.016667
0 0.739062 0.739583 0.006250 0.008333
0 0.728125 0.747917 0.006250 0.008333
0 0.678125 0.743750 0.006250 0.008333
0 0.681250 0.754167 0.012500 0.016667
0 0.675000 0.754167 0.012500 0.016667
0 0.650000 0.741667 0.006250 0.008333
0 0.609375 0.741667 0.006250 0.008333
0 0.598437 0.741667 0.006250 0.008333
0 0.585938 0.752083 0.012500 0.016667
0 0.601562 0.760417 0.012500 0.016667
0 0.603125 0.785417 0.012500 0.016667
0 0.653125 0.772917 0.012500 0.016667
0 0.640625 0.770833 0.012500 0.016667
0 0.670312 0.804167 0.012500 0.016667
0 0.781250 0.847917 0.012500 0.016667
0 0.929688 0.764583 0.012500 0.016667
0 0.953125 0.775000 0.012500 0.016667
0 0.965625 0.839583 0.012500 0.016667
0 0.957812 0.841667 0.012500 0.016667
0 0.948438 0.852083 0.012500 0.016667
0 0.939063 0.831250 0.012500 0.016667
0 0.921875 0.854167 0.012500 0.016667
0 0.904687 0.891667 0.012500 0.016667