0 0.396875 0.897917 0.012500 0.016667
0 0.235937 0.754167 0.012500 0.016667
0 0.250000 0.747917 0.006250 0.008333
0 0.307812 0.756250 0.012500 0.016667
0 0.101562 0.708333 0.006250 0.008333
0 0.062500 0.722917 0.006250 0.008333
0 0.310937 0.718750 0.006250 0.008333
0 0.304688 0.672917 0.006250 0.008333
0 0.253125 0.662500 0.006250 0.008333
0 0.337500 0.639583 0.006250 0.008333
0 0.351562 0.654167 0.006250 0.008333
0 0.360938 0.681250 0.006250 0.008333
0 0.343750 0.720833 0.006250 0.008333
0 0.379688 0.727083 0.006250 0.008333
0 0.387500 0.679167 0.006250 0.008333
0 0.371875 0.677083 0.006250 0.008333
0 0.376563 0.677083 0.006250 0.008333
0 0.389062 0.722917 0.006250 0.008333
0 0.403125 0.714583 0.006250 0.008333
0 0.454688 0.758333 0.012500 0.016667
0 0.484375 0.779167 0.012500 0.016667
0 0.539062 0.752083 0.012500 0.016667
0 0.517188 0.635417 0.006250 0.008333
0 0.412500 0.641667 0.006250 0.008333
0 0.423438 0.662500 0.006250 0.008333
0 0.501563 0.647917 0.006250 0.008333
0 0.495312 0.650000 0.006250 0.008333
0 0.489063 0.654167 0.006250 0.008333
0 0.487500 0.675000 0.006250 0.008333
0 0.476562 0.687500 0.006250 0.008333
0 0.476562 0.693750 0.006250 0.008333
0 0.493750 0.687500 0.006250 0.008333
0 0.507812 0.664583 0.006250 0.008333
0 0.510938 0.687500 0.006250 0.008333
0 0.528125 0.660417 0.006250 0.008333
0 0.559375 0.647917 0.006250 0.008333
0 0.581250 0.658333 0.006250 0.008333
0 0.550000 0.668750 0.006250 0.008333
0 0.539062 0.670833 0.006250 0.008333
0 0.607812 0.652083 0.006250 0.008333
0 0.612500 0.662500 0.006250 0.008333
0 0.642188 0.658333 0.006250 0.008333
0 0.745313 0.635417 0.006250 0.008333
0 0.732812 0.635417 0.006250 0.008333
0 0.792188 0.641667 0.006250 0.008333
0 0.748437 0.654167 0.006250 0.008333
0 0.712500 0.675000 0.006250 0.008333
0 0.696875 0.693750 0.006250 0.008333
0 0.701562 0.704167 0.006250 0.008333
0 0.698438 0.718750 0.006250 0.008333
0 0.653125 0.702083 0.006250 0.008333
0 0.623437 0.706250 0.006250 0.008333
0 0.615625 0.702083 0.006250 0.008333
0 0.610938 0.710417 0.006250 0.008333
0 0.596875 0.697917 0.006250 0.008333
0 0.564063 0.708333 0.006250 0.008333
0 0.559375 0.712500 0.006250 0.008333
0 0.545312 0.706250 0.006250 0.008333
0 0.534375 0.706250 0.006250 0.008333
0 0.528125 0.708333 0.006250 0.008333
0 0.515625 0.706250 0.006250 0.008333
0 0.512500 0.704167 0.006250 0.008333
0 0.521875 0.722917 0.006250 0.008333
0 0.507812 0.733333 0.006250 0.008333
0 0.500000 0.718750 0.006250 0.008333
0 0.657813 0.739583 0.006250 0.008333
0 0.726562 0.747917 0.006250 0.008333
0 0.631250 0.806250 0.012500 0.016667
0 0.628125 0.802083 0.012500 0.016667
0 0.631250 0.820833 0.012500 0.016667
0 0.617188 0.806250 0.012500 0.016667
0 0.981250 0.704167 0.006250 0.008333
0 0.932813 0.647917 0.006250 0.008333
0 0.914062 0.720833 0.006250 0.008333
0 0.893750 0.716667 0.006250 0.008333
0 0.821875 0.687500 0.006250 0.008333
0 0.803125 0.685417 0.006250 0.008333
0 0.815625 0.802083 0.012500 0.016667
0 0.970313 0.781250 0.012500 0.016667
0 0.960938 0.775000 0.012500 0.016667
0 0.985938 0.864583 0.012500 0.016667
0 0.965625 0.839583 0.012500 0.016667
0 0.921875 0.852083 0.012500 0.016667