0 0.829688 0.679167 0.006250 0.008333
0 0.829688 0.768750 0.012500 0.016667
0 0.781250 0.847917 0.012500 0.016667
0 0.804688 0.687500 0.006250 0.008333
0 0.757812 0.654167 0.006250 0.008333
0 0.781250 0.712500 0.006250 0.008333
0 0.762500 0.704167 0.006250 0.008333
0 0.714063 0.664583 0.006250 0.008333
0 0.701562 0.654167 0.006250 0.008333
0 0.689063 0.660417 0.006250 0.008333
0 0.726562 0.747917 0.006250 0.008333
0 0.698438 0.718750 0.006250 0.008333
0 0.679688 0.743750 0.006250 0.008333
0 0.681250 0.756250 0.012500 0.016667
0 0.656250 0.677083 0.006250 0.008333
0 0.640625 0.672917 0.006250 0.008333
0 0.615625 0.660417 0.006250 0.008333
0 0.609375 0.652083 0.006250 0.008333
0 0.589063 0.645833 0.006250 0.008333
0 0.581250 0.658333 0.006250 0.008333
0 0.560937 0.652083 0.006250 0.008333
0 0.503125 0.647917 0.006250 0.008333
0 0.496875 0.650000 0.006250 0.008333
0 0.490625 0.650000 0.006250 0.008333
0 0.440625 0.652083 0.006250 0.008333
0 0.325000 0.660417 0.006250 0.008333
0 0.306250 0.670833 0.006250 0.008333
0 0.267188 0.752083 0.012500 0.016667
0 0.182812 0.708333 0.006250 0.008333
0 0.359375 0.708333 0.006250 0.008333
0 0.445312 0.679167 0.006250 0.008333
0 0.435937 0.704167 0.006250 0.008333
0 0.426563 0.708333 0.006250 0.008333
0 0.456250 0.718750 0.006250 0.008333
0 0.451562 0.725000 0.006250 0.008333
0 0.428125 0.741667 0.006250 0.008333
0 0.454688 0.758333 0.012500 0.016667
0 0.476562 0.687500 0.006250 0.008333
0 0.650000 0.743750 0.006250 0.008333
0 0.645312 0.750000 0.012500 0.016667
0 0.640625 0.770833 0.012500 0.016667
0 0.628125 0.735417 0.006250 0.008333
0 0.620313 0.727083 0.006250 0.008333
0 0.623437 0.706250 0.006250 0.008333
0 0.615625 0.706250 0.006250 0.008333
0 0.612500 0.708333 0.006250 0.008333
0 0.610938 0.704167 0.006250 0.008333
0 0.612500 0.693750 0.006250 0.008333
0 0.606250 0.695833 0.006250 0.008333
0 0.604688 0.697917 0.006250 0.008333
0 0.596875 0.689583 0.006250 0.008333
0 0.592187 0.689583 0.006250 0.008333
0 0.584375 0.700000 0.006250 0.008333
0 0.578125 0.695833 0.006250 0.008333
0 0.585938 0.708333 0.006250 0.008333
0 0.562500 0.714583 0.006250 0.008333
0 0.550000 0.700000 0.006250 0.008333
0 0.540625 0.697917 0.006250 0.008333
0 0.532813 0.693750 0.006250 0.008333
0 0.532813 0.681250 0.006250 0.008333
0 0.515625 0.683333 0.006250 0.008333
0 0.509375 0.689583 0.006250 0.008333
0 0.507812 0.685417 0.006250 0.008333
0 0.496875 0.700000 0.006250 0.008333
0 0.490625 0.687500 0.006250 0.008333
0 0.517188 0.700000 0.006250 0.008333
0 0.531250 0.708333 0.006250 0.008333
0 0.529687 0.712500 0.006250 0.008333
0 0.512500 0.718750 0.006250 0.008333
0 0.500000 0.714583 0.006250 0.008333
0 0.609375 0.739583 0.006250 0.008333
0 0.596875 0.739583 0.006250 0.008333
0 0.604688 0.770833 0.012500 0.016667
0 0.565625 0.741667 0.006250 0.008333
0 0.545312 0.750000 0.012500 0.016667
0 0.539062 0.752083 0.012500 0.016667
0 0.504687 0.785417 0.012500 0.016667
0 0.501563 0.768750 0.012500 0.016667
0 0.500000 0.743750 0.006250 0.008333
0 0.487500 0.775000 0.012500 0.016667