0 0.781250 0.847917 0.012500 0.016667
0 0.732812 0.839583 0.012500 0.016667
0 0.731250 0.814583 0.012500 0.016667
0 0.621875 0.743750 0.006250 0.008333
0 0.612500 0.739583 0.006250 0.008333
0 0.606250 0.741667 0.006250 0.008333
0 0.620313 0.706250 0.006250 0.008333
0 0.612500 0.706250 0.006250 0.008333
0 0.609375 0.652083 0.006250 0.008333
0 0.598437 0.706250 0.006250 0.008333
0 0.592187 0.691667 0.006250 0.008333
0 0.587500 0.693750 0.006250 0.008333
0 0.579688 0.693750 0.006250 0.008333
0 0.562500 0.695833 0.006250 0.008333
0 0.568750 0.681250 0.006250 0.008333
0 0.557813 0.677083 0.006250 0.008333
0 0.554688 0.685417 0.006250 0.008333
0 0.560937 0.685417 0.006250 0.008333
0 0.550000 0.679167 0.006250 0.008333
0 0.543750 0.710417 0.006250 0.008333
0 0.542188 0.695833 0.006250 0.008333
0 0.532813 0.693750 0.006250 0.008333
0 0.539062 0.710417 0.006250 0.008333
0 0.532813 0.708333 0.006250 0.008333
0 0.528125 0.716667 0.006250 0.008333
0 0.525000 0.704167 0.006250 0.008333
0 0.503125 0.741667 0.006250 0.008333