0 0.573438 0.656250 0.006250 0.008333
0 0.593750 0.639583 0.006250 0.008333
0 0.581250 0.687500 0.006250 0.008333
0 0.590625 0.679167 0.006250 0.008333
0 0.590625 0.687500 0.006250 0.008333
0 0.581250 0.679167 0.006250 0.008333
0 0.592187 0.670833 0.006250 0.008333
0 0.595313 0.685417 0.006250 0.008333
0 0.596875 0.691667 0.006250 0.008333
0 0.606250 0.743750 0.006250 0.008333
0 0.612500 0.739583 0.006250 0.008333
0 0.620313 0.743750 0.006250 0.008333
0 0.731250 0.814583 0.012500 0.016667
0 0.734375 0.843750 0.012500 0.016667
0 0.781250 0.852083 0.012500 0.016667
0 0.543750 0.706250 0.006250 0.008333
0 0.537500 0.708333 0.006250 0.008333
0 0.532813 0.708333 0.006250 0.008333
0 0.526563 0.708333 0.006250 0.008333
0 0.528125 0.718750 0.006250 0.008333
0 0.504687 0.739583 0.006250 0.008333