0 0.981250 0.702083 0.006250 0.008333
0 0.934375 0.645833 0.006250 0.008333
0 0.987500 0.862500 0.012500 0.016667
0 0.962500 0.839583 0.012500 0.016667
0 0.971875 0.781250 0.012500 0.016667
0 0.959375 0.777083 0.012500 0.016667
0 0.918750 0.854167 0.012500 0.016667
0 0.815625 0.804167 0.012500 0.016667
0 0.910937 0.720833 0.006250 0.008333
0 0.893750 0.716667 0.006250 0.008333
0 0.821875 0.687500 0.006250 0.008333
0 0.815625 0.687500 0.006250 0.008333
0 0.804688 0.687500 0.006250 0.008333
0 0.793750 0.639583 0.006250 0.008333
0 0.743750 0.633333 0.006250 0.008333
0 0.732812 0.633333 0.006250 0.008333
0 0.748437 0.654167 0.006250 0.008333
0 0.714063 0.664583 0.006250 0.008333
0 0.714063 0.675000 0.006250 0.008333
0 0.695312 0.693750 0.006250 0.008333
0 0.703125 0.704167 0.006250 0.008333
0 0.695312 0.718750 0.006250 0.008333
0 0.726562 0.750000 0.012500 0.016667
0 0.634375 0.820833 0.012500 0.016667
0 0.632812 0.808333 0.012500 0.016667
0 0.628125 0.800000 0.012500 0.016667
0 0.615625 0.806250 0.012500 0.016667
0 0.621875 0.708333 0.006250 0.008333
0 0.615625 0.700000 0.006250 0.008333
0 0.610938 0.704167 0.006250 0.008333
0 0.607812 0.700000 0.006250 0.008333
0 0.596875 0.693750 0.006250 0.008333
0 0.615625 0.660417 0.006250 0.008333
0 0.609375 0.652083 0.006250 0.008333
0 0.590625 0.670833 0.006250 0.008333
0 0.581250 0.654167 0.006250 0.008333
0 0.559375 0.645833 0.006250 0.008333
0 0.550000 0.664583 0.006250 0.008333
0 0.542188 0.670833 0.006250 0.008333
0 0.528125 0.660417 0.006250 0.008333
0 0.518750 0.633333 0.006250 0.008333
0 0.501563 0.645833 0.006250 0.008333
0 0.496875 0.650000 0.006250 0.008333
0 0.489063 0.650000 0.006250 0.008333
0 0.450000 0.633333 0.006250 0.008333
0 0.412500 0.641667 0.006250 0.008333
0 0.351562 0.652083 0.006250 0.008333
0 0.334375 0.639583 0.006250 0.008333
0 0.251563 0.660417 0.006250 0.008333
0 0.101562 0.708333 0.006250 0.008333
0 0.062500 0.722917 0.006250 0.008333
0 0.306250 0.670833 0.006250 0.008333
0 0.473438 0.664583 0.006250 0.008333
0 0.445312 0.677083 0.006250 0.008333
0 0.440625 0.666667 0.006250 0.008333
0 0.431250 0.662500 0.006250 0.008333
0 0.423438 0.664583 0.006250 0.008333
0 0.507812 0.666667 0.006250 0.008333
0 0.514062 0.677083 0.006250 0.008333
0 0.510938 0.687500 0.006250 0.008333
0 0.492188 0.683333 0.006250 0.008333
0 0.478125 0.685417 0.006250 0.008333
0 0.476562 0.691667 0.006250 0.008333
0 0.437500 0.706250 0.006250 0.008333
0 0.585938 0.735417 0.006250 0.008333
0 0.562500 0.708333 0.006250 0.008333
0 0.559375 0.714583 0.006250 0.008333
0 0.546875 0.704167 0.006250 0.008333
0 0.534375 0.695833 0.006250 0.008333
0 0.532813 0.704167 0.006250 0.008333
0 0.528125 0.708333 0.006250 0.008333
0 0.520312 0.722917 0.006250 0.008333
0 0.496875 0.714583 0.006250 0.008333
0 0.551562 0.758333 0.012500 0.016667
0 0.539062 0.752083 0.012500 0.016667
0 0.484375 0.779167 0.012500 0.016667
0 0.457813 0.758333 0.012500 0.016667
0 0.403125 0.712500 0.006250 0.008333
0 0.387500 0.720833 0.006250 0.008333
0 0.378125 0.725000 0.006250 0.008333
0 0.343750 0.720833 0.006250 0.008333
0 0.310937 0.716667 0.006250 0.008333