0 0.987500 0.860417 0.012500 0.016667
0 0.964063 0.839583 0.012500 0.016667
0 0.920312 0.852083 0.012500 0.016667
0 0.971875 0.781250 0.012500 0.016667
0 0.960938 0.777083 0.012500 0.016667
0 0.981250 0.702083 0.006250 0.008333
0 0.932813 0.645833 0.006250 0.008333
0 0.914062 0.718750 0.006250 0.008333
0 0.893750 0.716667 0.006250 0.008333
0 0.815625 0.802083 0.012500 0.016667
0 0.821875 0.689583 0.006250 0.008333
0 0.804688 0.687500 0.006250 0.008333
0 0.790625 0.643750 0.006250 0.008333
0 0.748437 0.650000 0.006250 0.008333
0 0.743750 0.633333 0.006250 0.008333
0 0.731250 0.633333 0.006250 0.008333
0 0.714063 0.672917 0.006250 0.008333
0 0.726562 0.745833 0.006250 0.008333
0 0.698438 0.718750 0.006250 0.008333
0 0.701562 0.704167 0.006250 0.008333
0 0.696875 0.693750 0.006250 0.008333
0 0.643750 0.658333 0.006250 0.008333
0 0.653125 0.702083 0.006250 0.008333
0 0.657813 0.737500 0.006250 0.008333
0 0.634375 0.804167 0.012500 0.016667
0 0.628125 0.802083 0.012500 0.016667
0 0.631250 0.822917 0.012500 0.016667
0 0.615625 0.808333 0.012500 0.016667
0 0.623437 0.704167 0.006250 0.008333
0 0.617188 0.702083 0.006250 0.008333
0 0.610938 0.710417 0.006250 0.008333
0 0.596875 0.700000 0.006250 0.008333
0 0.610938 0.660417 0.006250 0.008333
0 0.609375 0.654167 0.006250 0.008333
0 0.582812 0.656250 0.006250 0.008333
0 0.559375 0.650000 0.006250 0.008333
0 0.550000 0.664583 0.006250 0.008333
0 0.542188 0.668750 0.006250 0.008333
0 0.528125 0.660417 0.006250 0.008333
0 0.517188 0.635417 0.006250 0.008333
0 0.567187 0.733333 0.006250 0.008333
0 0.560937 0.712500 0.006250 0.008333
0 0.562500 0.710417 0.006250 0.008333
0 0.546875 0.706250 0.006250 0.008333
0 0.535937 0.693750 0.006250 0.008333
0 0.534375 0.708333 0.006250 0.008333
0 0.529687 0.708333 0.006250 0.008333
0 0.521875 0.722917 0.006250 0.008333
0 0.540625 0.756250 0.012500 0.016667
0 0.482812 0.781250 0.012500 0.016667
0 0.456250 0.756250 0.012500 0.016667
0 0.496875 0.716667 0.006250 0.008333
0 0.507812 0.689583 0.006250 0.008333
0 0.512500 0.685417 0.006250 0.008333
0 0.507812 0.666667 0.006250 0.008333
0 0.501563 0.647917 0.006250 0.008333
0 0.496875 0.650000 0.006250 0.008333
0 0.490625 0.652083 0.006250 0.008333
0 0.492188 0.685417 0.006250 0.008333
0 0.487500 0.677083 0.006250 0.008333
0 0.476562 0.687500 0.006250 0.008333
0 0.476562 0.695833 0.006250 0.008333
0 0.475000 0.666667 0.006250 0.008333
0 0.453125 0.633333 0.006250 0.008333
0 0.414062 0.639583 0.006250 0.008333
0 0.440625 0.666667 0.006250 0.008333
0 0.431250 0.664583 0.006250 0.008333
0 0.421875 0.660417 0.006250 0.008333
0 0.400000 0.679167 0.006250 0.008333
0 0.435937 0.706250 0.006250 0.008333
0 0.403125 0.712500 0.006250 0.008333
0 0.390625 0.718750 0.006250 0.008333
0 0.379688 0.727083 0.006250 0.008333
0 0.343750 0.720833 0.006250 0.008333
0 0.309375 0.718750 0.006250 0.008333
0 0.304688 0.756250 0.012500 0.016667
0 0.250000 0.747917 0.006250 0.008333
0 0.234375 0.756250 0.012500 0.016667
0 0.306250 0.668750 0.006250 0.008333
0 0.353125 0.654167 0.006250 0.008333
0 0.337500 0.637500 0.006250 0.008333
0 0.253125 0.660417 0.006250 0.008333
0 0.100000 0.710417 0.006250 0.008333
0 0.062500 0.725000 0.006250 0.008333