0 0.992188 0.768750 0.012500 0.016667
0 0.971875 0.943750 0.012500 0.016667
0 0.965625 0.839583 0.012500 0.016667
0 0.957812 0.841667 0.012500 0.016667
0 0.948438 0.852083 0.012500 0.016667
0 0.939063 0.831250 0.012500 0.016667
0 0.929688 0.766667 0.012500 0.016667
0 0.921875 0.854167 0.012500 0.016667
0 0.903125 0.895833 0.012500 0.016667
0 0.831250 0.768750 0.012500 0.016667
0 0.829688 0.677083 0.006250 0.008333
0 0.804688 0.687500 0.006250 0.008333
0 0.759375 0.654167 0.006250 0.008333
0 0.750000 0.654167 0.006250 0.008333
0 0.762500 0.702083 0.006250 0.008333
0 0.781250 0.850000 0.012500 0.016667
0 0.726562 0.745833 0.006250 0.008333
0 0.715625 0.664583 0.006250 0.008333
0 0.701562 0.650000 0.006250 0.008333
0 0.689063 0.658333 0.006250 0.008333
0 0.698438 0.718750 0.006250 0.008333
0 0.679688 0.741667 0.006250 0.008333
0 0.675000 0.756250 0.012500 0.016667
0 0.648438 0.743750 0.006250 0.008333
0 0.642188 0.770833 0.012500 0.016667
0 0.628125 0.733333 0.006250 0.008333
0 0.640625 0.672917 0.006250 0.008333
0 0.623437 0.708333 0.006250 0.008333
0 0.618750 0.679167 0.006250 0.008333
0 0.615625 0.658333 0.006250 0.008333
0 0.609375 0.654167 0.006250 0.008333
0 0.587500 0.645833 0.006250 0.008333
0 0.581250 0.656250 0.006250 0.008333
0 0.560937 0.650000 0.006250 0.008333
0 0.567187 0.660417 0.006250 0.008333
0 0.612500 0.708333 0.006250 0.008333
0 0.606250 0.700000 0.006250 0.008333
0 0.603125 0.691667 0.006250 0.008333
0 0.596875 0.697917 0.006250 0.008333
0 0.590625 0.695833 0.006250 0.008333
0 0.582812 0.697917 0.006250 0.008333
0 0.578125 0.693750 0.006250 0.008333
0 0.590625 0.733333 0.006250 0.008333
0 0.570312 0.731250 0.006250 0.008333
0 0.562500 0.714583 0.006250 0.008333
0 0.559375 0.708333 0.006250 0.008333
0 0.550000 0.702083 0.006250 0.008333
0 0.551562 0.681250 0.006250 0.008333
0 0.546875 0.677083 0.006250 0.008333
0 0.543750 0.670833 0.006250 0.008333
0 0.521875 0.662500 0.006250 0.008333
0 0.501563 0.647917 0.006250 0.008333
0 0.496875 0.654167 0.006250 0.008333
0 0.492188 0.652083 0.006250 0.008333
0 0.498437 0.660417 0.006250 0.008333
0 0.514062 0.683333 0.006250 0.008333
0 0.512500 0.687500 0.006250 0.008333
0 0.510938 0.689583 0.006250 0.008333
0 0.542188 0.695833 0.006250 0.008333
0 0.532813 0.693750 0.006250 0.008333
0 0.539062 0.708333 0.006250 0.008333
0 0.535937 0.710417 0.006250 0.008333
0 0.521875 0.722917 0.006250 0.008333
0 0.543750 0.750000 0.012500 0.016667
0 0.539062 0.752083 0.012500 0.016667
0 0.500000 0.766667 0.012500 0.016667
0 0.485938 0.775000 0.012500 0.016667
0 0.464062 0.785417 0.012500 0.016667
0 0.504687 0.706250 0.006250 0.008333
0 0.500000 0.714583 0.006250 0.008333
0 0.495312 0.695833 0.006250 0.008333
0 0.493750 0.687500 0.006250 0.008333
0 0.476562 0.685417 0.006250 0.008333
0 0.445312 0.679167 0.006250 0.008333
0 0.470313 0.700000 0.006250 0.008333
0 0.479687 0.718750 0.006250 0.008333
0 0.451562 0.722917 0.006250 0.008333
0 0.456250 0.758333 0.012500 0.016667
0 0.432812 0.739583 0.006250 0.008333
0 0.435937 0.704167 0.006250 0.008333
0 0.426563 0.708333 0.006250 0.008333
0 0.414062 0.712500 0.006250 0.008333
0 0.357812 0.708333 0.006250 0.008333
0 0.307812 0.670833 0.006250 0.008333
0 0.271875 0.741667 0.006250 0.008333
0 0.268750 0.752083 0.012500 0.016667
0 0.370312 0.827083 0.012500 0.016667
0 0.287500 0.812500 0.012500 0.016667
0 0.278125 0.829167 0.012500 0.016667