0 0.981250 0.702083 0.006250 0.008333
0 0.932813 0.647917 0.006250 0.008333
0 0.920312 0.681250 0.006250 0.008333
0 0.926562 0.766667 0.012500 0.016667
0 0.964063 0.837500 0.012500 0.016667
0 0.956250 0.839583 0.012500 0.016667
0 0.918750 0.854167 0.012500 0.016667
0 0.831250 0.770833 0.012500 0.016667
0 0.815625 0.804167 0.012500 0.016667
0 0.829688 0.677083 0.006250 0.008333
0 0.801562 0.687500 0.006250 0.008333
0 0.792188 0.641667 0.006250 0.008333
0 0.743750 0.635417 0.006250 0.008333
0 0.746875 0.654167 0.006250 0.008333
0 0.703125 0.652083 0.006250 0.008333
0 0.712500 0.666667 0.006250 0.008333
0 0.712500 0.675000 0.006250 0.008333
0 0.726562 0.745833 0.006250 0.008333
0 0.696875 0.695833 0.006250 0.008333
0 0.696875 0.718750 0.006250 0.008333
0 0.656250 0.739583 0.006250 0.008333
0 0.631250 0.820833 0.012500 0.016667
0 0.632812 0.806250 0.012500 0.016667
0 0.629687 0.802083 0.012500 0.016667
0 0.615625 0.808333 0.012500 0.016667
0 0.642188 0.670833 0.006250 0.008333
0 0.637500 0.641667 0.006250 0.008333
0 0.614062 0.660417 0.006250 0.008333
0 0.607812 0.650000 0.006250 0.008333
0 0.625000 0.706250 0.006250 0.008333
0 0.614062 0.693750 0.006250 0.008333
0 0.610938 0.708333 0.006250 0.008333
0 0.606250 0.700000 0.006250 0.008333
0 0.585938 0.735417 0.006250 0.008333
0 0.579688 0.693750 0.006250 0.008333
0 0.582812 0.658333 0.006250 0.008333
0 0.559375 0.652083 0.006250 0.008333
0 0.565625 0.660417 0.006250 0.008333
0 0.568750 0.681250 0.006250 0.008333
0 0.551562 0.779167 0.012500 0.016667
0 0.539062 0.750000 0.012500 0.016667
0 0.560937 0.714583 0.006250 0.008333
0 0.559375 0.697917 0.006250 0.008333
0 0.551562 0.702083 0.006250 0.008333
0 0.553125 0.683333 0.006250 0.008333
0 0.539062 0.670833 0.006250 0.008333
0 0.529687 0.658333 0.006250 0.008333
0 0.518750 0.635417 0.006250 0.008333
0 0.523438 0.660417 0.006250 0.008333
0 0.503125 0.647917 0.006250 0.008333
0 0.496875 0.654167 0.006250 0.008333
0 0.490625 0.654167 0.006250 0.008333
0 0.453125 0.633333 0.006250 0.008333
0 0.409375 0.639583 0.006250 0.008333
0 0.351562 0.650000 0.006250 0.008333
0 0.335938 0.641667 0.006250 0.008333
0 0.306250 0.670833 0.006250 0.008333
0 0.253125 0.662500 0.006250 0.008333
0 0.101562 0.706250 0.006250 0.008333
0 0.064062 0.725000 0.006250 0.008333
0 0.534375 0.697917 0.006250 0.008333
0 0.534375 0.704167 0.006250 0.008333
0 0.531250 0.708333 0.006250 0.008333
0 0.520312 0.722917 0.006250 0.008333
0 0.517188 0.720833 0.006250 0.008333
0 0.506250 0.664583 0.006250 0.008333
0 0.512500 0.677083 0.006250 0.008333
0 0.510938 0.687500 0.006250 0.008333
0 0.500000 0.706250 0.006250 0.008333
0 0.498437 0.716667 0.006250 0.008333
0 0.495312 0.689583 0.006250 0.008333
0 0.471875 0.666667 0.006250 0.008333
0 0.476562 0.685417 0.006250 0.008333
0 0.476562 0.689583 0.006250 0.008333
0 0.476562 0.704167 0.006250 0.008333
0 0.482812 0.781250 0.012500 0.016667
0 0.454688 0.758333 0.012500 0.016667
0 0.445312 0.679167 0.006250 0.008333
0 0.440625 0.666667 0.006250 0.008333
0 0.431250 0.662500 0.006250 0.008333
0 0.425000 0.664583 0.006250 0.008333
0 0.435937 0.704167 0.006250 0.008333
0 0.401562 0.712500 0.006250 0.008333
0 0.390625 0.720833 0.006250 0.008333
0 0.385937 0.725000 0.006250 0.008333
0 0.378125 0.727083 0.006250 0.008333
0 0.343750 0.720833 0.006250 0.008333
0 0.310937 0.718750 0.006250 0.008333