0 0.004687 0.716667 0.006250 0.008333
0 0.268750 0.752083 0.012500 0.016667
0 0.304688 0.670833 0.006250 0.008333
0 0.279687 0.972917 0.012500 0.016667
0 0.359375 0.708333 0.006250 0.008333
0 0.393750 0.658333 0.006250 0.008333
0 0.440625 0.647917 0.006250 0.008333
0 0.425000 0.660417 0.006250 0.008333
0 0.439063 0.666667 0.006250 0.008333
0 0.445312 0.679167 0.006250 0.008333
0 0.435937 0.702083 0.006250 0.008333
0 0.425000 0.708333 0.006250 0.008333
0 0.364063 0.660417 0.006250 0.008333
0 0.432812 0.741667 0.006250 0.008333
0 0.453125 0.720833 0.006250 0.008333
0 0.454688 0.756250 0.012500 0.016667
0 0.464062 0.783333 0.012500 0.016667
0 0.500000 0.768750 0.012500 0.016667
0 0.487500 0.777083 0.012500 0.016667
0 0.503125 0.647917 0.006250 0.008333
0 0.496875 0.650000 0.006250 0.008333
0 0.489063 0.650000 0.006250 0.008333
0 0.496875 0.660417 0.006250 0.008333
0 0.521875 0.662500 0.006250 0.008333
0 0.559375 0.647917 0.006250 0.008333
0 0.585938 0.641667 0.006250 0.008333
0 0.609375 0.650000 0.006250 0.008333
0 0.615625 0.660417 0.006250 0.008333
0 0.642188 0.670833 0.006250 0.008333
0 0.760938 0.654167 0.006250 0.008333
0 0.746875 0.654167 0.006250 0.008333
0 0.703125 0.652083 0.006250 0.008333
0 0.689063 0.656250 0.006250 0.008333
0 0.712500 0.666667 0.006250 0.008333
0 0.829688 0.677083 0.006250 0.008333
0 0.803125 0.685417 0.006250 0.008333
0 0.762500 0.704167 0.006250 0.008333
0 0.582812 0.658333 0.006250 0.008333
0 0.565625 0.660417 0.006250 0.008333
0 0.543750 0.668750 0.006250 0.008333
0 0.546875 0.675000 0.006250 0.008333
0 0.550000 0.679167 0.006250 0.008333
0 0.587500 0.679167 0.006250 0.008333
0 0.514062 0.683333 0.006250 0.008333
0 0.512500 0.687500 0.006250 0.008333
0 0.507812 0.689583 0.006250 0.008333
0 0.498437 0.685417 0.006250 0.008333
0 0.490625 0.685417 0.006250 0.008333
0 0.476562 0.687500 0.006250 0.008333
0 0.493750 0.693750 0.006250 0.008333
0 0.506250 0.706250 0.006250 0.008333
0 0.496875 0.714583 0.006250 0.008333
0 0.479687 0.720833 0.006250 0.008333
0 0.532813 0.691667 0.006250 0.008333
0 0.540625 0.695833 0.006250 0.008333
0 0.546875 0.700000 0.006250 0.008333
0 0.542188 0.704167 0.006250 0.008333
0 0.537500 0.710417 0.006250 0.008333
0 0.518750 0.722917 0.006250 0.008333
0 0.556250 0.706250 0.006250 0.008333
0 0.562500 0.710417 0.006250 0.008333
0 0.579688 0.693750 0.006250 0.008333
0 0.582812 0.693750 0.006250 0.008333
0 0.590625 0.693750 0.006250 0.008333
0 0.596875 0.697917 0.006250 0.008333
0 0.601562 0.691667 0.006250 0.008333
0 0.606250 0.695833 0.006250 0.008333
0 0.612500 0.710417 0.006250 0.008333
0 0.621875 0.706250 0.006250 0.008333
0 0.928125 0.764583 0.012500 0.016667
0 0.850000 0.754167 0.012500 0.016667
0 0.829688 0.768750 0.012500 0.016667
0 0.781250 0.847917 0.012500 0.016667
0 0.725000 0.745833 0.006250 0.008333
0 0.696875 0.714583 0.006250 0.008333
0 0.679688 0.743750 0.006250 0.008333
0 0.656250 0.754167 0.012500 0.016667
0 0.648438 0.743750 0.006250 0.008333
0 0.642188 0.768750 0.012500 0.016667
0 0.628125 0.735417 0.006250 0.008333
0 0.590625 0.731250 0.006250 0.008333
0 0.568750 0.729167 0.006250 0.008333
0 0.539062 0.737500 0.006250 0.008333
0 0.539062 0.750000 0.012500 0.016667
0 0.964063 0.839583 0.012500 0.016667
0 0.957812 0.839583 0.012500 0.016667
0 0.935937 0.827083 0.012500 0.016667
0 0.945312 0.852083 0.012500 0.016667
0 0.920312 0.852083 0.012500 0.016667
0 0.900000 0.893750 0.012500 0.016667
0 0.971875 0.941667 0.012500 0.016667