0 0.971875 0.941667 0.012500 0.016667
0 0.964063 0.835417 0.012500 0.016667
0 0.957812 0.841667 0.012500 0.016667
0 0.946875 0.850000 0.012500 0.016667
0 0.928125 0.831250 0.012500 0.016667
0 0.921875 0.856250 0.012500 0.016667
0 0.867188 0.889583 0.012500 0.016667
0 0.781250 0.845833 0.012500 0.016667
0 0.831250 0.770833 0.012500 0.016667
0 0.926562 0.766667 0.012500 0.016667
0 0.829688 0.677083 0.006250 0.008333
0 0.803125 0.685417 0.006250 0.008333
0 0.757812 0.654167 0.006250 0.008333
0 0.750000 0.654167 0.006250 0.008333
0 0.762500 0.704167 0.006250 0.008333
0 0.726562 0.747917 0.006250 0.008333
0 0.695312 0.718750 0.006250 0.008333
0 0.714063 0.664583 0.006250 0.008333
0 0.703125 0.650000 0.006250 0.008333
0 0.687500 0.658333 0.006250 0.008333
0 0.642188 0.670833 0.006250 0.008333
0 0.660937 0.725000 0.006250 0.008333
0 0.679688 0.745833 0.006250 0.008333
0 0.648438 0.743750 0.006250 0.008333
0 0.640625 0.768750 0.012500 0.016667
0 0.618750 0.758333 0.012500 0.016667
0 0.628125 0.733333 0.006250 0.008333
0 0.621875 0.708333 0.006250 0.008333
0 0.615625 0.660417 0.006250 0.008333
0 0.609375 0.650000 0.006250 0.008333
0 0.585938 0.643750 0.006250 0.008333
0 0.581250 0.656250 0.006250 0.008333
0 0.565625 0.662500 0.006250 0.008333
0 0.560937 0.650000 0.006250 0.008333
0 0.612500 0.706250 0.006250 0.008333
0 0.607812 0.697917 0.006250 0.008333
0 0.604688 0.693750 0.006250 0.008333
0 0.595313 0.697917 0.006250 0.008333
0 0.590625 0.693750 0.006250 0.008333
0 0.582812 0.697917 0.006250 0.008333
0 0.578125 0.693750 0.006250 0.008333
0 0.562500 0.714583 0.006250 0.008333
0 0.559375 0.706250 0.006250 0.008333
0 0.585938 0.731250 0.006250 0.008333
0 0.579688 0.733333 0.006250 0.008333
0 0.490625 0.650000 0.006250 0.008333
0 0.440625 0.647917 0.006250 0.008333
0 0.425000 0.664583 0.006250 0.008333
0 0.440625 0.666667 0.006250 0.008333
0 0.445312 0.679167 0.006250 0.008333
0 0.492188 0.687500 0.006250 0.008333
0 0.495312 0.697917 0.006250 0.008333
0 0.476562 0.687500 0.006250 0.008333
0 0.478125 0.718750 0.006250 0.008333
0 0.453125 0.722917 0.006250 0.008333
0 0.437500 0.702083 0.006250 0.008333
0 0.428125 0.706250 0.006250 0.008333
0 0.351562 0.650000 0.006250 0.008333
0 0.301563 0.656250 0.006250 0.008333
0 0.306250 0.670833 0.006250 0.008333
0 0.357812 0.708333 0.006250 0.008333
0 0.429688 0.737500 0.006250 0.008333
0 0.456250 0.756250 0.012500 0.016667
0 0.460938 0.781250 0.012500 0.016667
0 0.465625 0.797917 0.012500 0.016667
0 0.368750 0.820833 0.012500 0.016667
0 0.329688 0.804167 0.012500 0.016667
0 0.310937 0.887500 0.012500 0.016667
0 0.268750 0.750000 0.012500 0.016667
0 0.189062 0.743750 0.006250 0.008333