0 0.985938 0.860417 0.012500 0.016667
0 0.964063 0.841667 0.012500 0.016667
0 0.918750 0.852083 0.012500 0.016667
0 0.971875 0.779167 0.012500 0.016667
0 0.957812 0.775000 0.012500 0.016667
0 0.981250 0.702083 0.006250 0.008333
0 0.932813 0.645833 0.006250 0.008333
0 0.914062 0.720833 0.006250 0.008333
0 0.893750 0.716667 0.006250 0.008333
0 0.821875 0.689583 0.006250 0.008333
0 0.804688 0.687500 0.006250 0.008333
0 0.793750 0.639583 0.006250 0.008333
0 0.746875 0.654167 0.006250 0.008333
0 0.745313 0.635417 0.006250 0.008333
0 0.732812 0.635417 0.006250 0.008333
0 0.714063 0.670833 0.006250 0.008333
0 0.815625 0.804167 0.012500 0.016667
0 0.725000 0.745833 0.006250 0.008333
0 0.698438 0.718750 0.006250 0.008333
0 0.703125 0.704167 0.006250 0.008333
0 0.696875 0.695833 0.006250 0.008333
0 0.631250 0.822917 0.012500 0.016667
0 0.632812 0.804167 0.012500 0.016667
0 0.626563 0.802083 0.012500 0.016667
0 0.614062 0.808333 0.012500 0.016667
0 0.657813 0.739583 0.006250 0.008333
0 0.654687 0.700000 0.006250 0.008333
0 0.643750 0.660417 0.006250 0.008333
0 0.609375 0.650000 0.006250 0.008333
0 0.610938 0.662500 0.006250 0.008333
0 0.621875 0.706250 0.006250 0.008333
0 0.615625 0.702083 0.006250 0.008333
0 0.610938 0.708333 0.006250 0.008333
0 0.596875 0.697917 0.006250 0.008333
0 0.573438 0.733333 0.006250 0.008333
0 0.560937 0.712500 0.006250 0.008333
0 0.562500 0.708333 0.006250 0.008333
0 0.582812 0.656250 0.006250 0.008333
0 0.559375 0.650000 0.006250 0.008333
0 0.550000 0.664583 0.006250 0.008333
0 0.540625 0.668750 0.006250 0.008333
0 0.546875 0.708333 0.006250 0.008333
0 0.535937 0.695833 0.006250 0.008333
0 0.534375 0.708333 0.006250 0.008333
0 0.529687 0.708333 0.006250 0.008333
0 0.520312 0.720833 0.006250 0.008333
0 0.540625 0.752083 0.012500 0.016667
0 0.484375 0.779167 0.012500 0.016667
0 0.454688 0.760417 0.012500 0.016667
0 0.496875 0.716667 0.006250 0.008333
0 0.509375 0.691667 0.006250 0.008333
0 0.512500 0.685417 0.006250 0.008333
0 0.525000 0.662500 0.006250 0.008333
0 0.518750 0.637500 0.006250 0.008333
0 0.504687 0.666667 0.006250 0.008333
0 0.503125 0.645833 0.006250 0.008333
0 0.496875 0.652083 0.006250 0.008333
0 0.490625 0.652083 0.006250 0.008333
0 0.492188 0.685417 0.006250 0.008333
0 0.490625 0.677083 0.006250 0.008333
0 0.475000 0.662500 0.006250 0.008333
0 0.475000 0.687500 0.006250 0.008333
0 0.475000 0.693750 0.006250 0.008333
0 0.435937 0.704167 0.006250 0.008333
0 0.453125 0.633333 0.006250 0.008333
0 0.440625 0.666667 0.006250 0.008333
0 0.434375 0.681250 0.006250 0.008333
0 0.432812 0.664583 0.006250 0.008333
0 0.425000 0.664583 0.006250 0.008333
0 0.425000 0.681250 0.006250 0.008333
0 0.403125 0.712500 0.006250 0.008333
0 0.390625 0.720833 0.006250 0.008333
0 0.378125 0.722917 0.006250 0.008333
0 0.343750 0.722917 0.006250 0.008333
0 0.309375 0.718750 0.006250 0.008333
0 0.304688 0.756250 0.012500 0.016667
0 0.250000 0.745833 0.006250 0.008333
0 0.234375 0.754167 0.012500 0.016667
0 0.306250 0.670833 0.006250 0.008333
0 0.412500 0.641667 0.006250 0.008333
0 0.350000 0.650000 0.006250 0.008333
0 0.335938 0.641667 0.006250 0.008333
0 0.251563 0.662500 0.006250 0.008333
0 0.100000 0.706250 0.006250 0.008333
0 0.060937 0.725000 0.006250 0.008333