0 0.934375 0.645833 0.006250 0.008333
0 0.921875 0.683333 0.006250 0.008333
0 0.937500 0.743750 0.006250 0.008333
0 0.914062 0.720833 0.006250 0.008333
0 0.895312 0.714583 0.006250 0.008333
0 0.926562 0.766667 0.012500 0.016667
0 0.964063 0.837500 0.012500 0.016667
0 0.957812 0.843750 0.012500 0.016667
0 0.920312 0.854167 0.012500 0.016667
0 0.826562 0.768750 0.012500 0.016667
0 0.815625 0.800000 0.012500 0.016667
0 0.831250 0.677083 0.006250 0.008333
0 0.793750 0.641667 0.006250 0.008333
0 0.803125 0.687500 0.006250 0.008333
0 0.743750 0.633333 0.006250 0.008333
0 0.734375 0.635417 0.006250 0.008333
0 0.745313 0.654167 0.006250 0.008333
0 0.703125 0.652083 0.006250 0.008333
0 0.714063 0.664583 0.006250 0.008333
0 0.714063 0.675000 0.006250 0.008333
0 0.726562 0.747917 0.006250 0.008333
0 0.695312 0.693750 0.006250 0.008333
0 0.701562 0.700000 0.006250 0.008333
0 0.698438 0.718750 0.006250 0.008333
0 0.653125 0.700000 0.006250 0.008333
0 0.657813 0.741667 0.006250 0.008333
0 0.635938 0.768750 0.012500 0.016667
0 0.632812 0.818750 0.012500 0.016667
0 0.632812 0.810417 0.012500 0.016667
0 0.628125 0.804167 0.012500 0.016667
0 0.615625 0.806250 0.012500 0.016667
0 0.642188 0.672917 0.006250 0.008333
0 0.637500 0.641667 0.006250 0.008333
0 0.615625 0.660417 0.006250 0.008333
0 0.609375 0.650000 0.006250 0.008333
0 0.606250 0.679167 0.006250 0.008333
0 0.621875 0.706250 0.006250 0.008333
0 0.615625 0.700000 0.006250 0.008333
0 0.609375 0.708333 0.006250 0.008333
0 0.607812 0.697917 0.006250 0.008333
0 0.595313 0.693750 0.006250 0.008333
0 0.581250 0.714583 0.006250 0.008333
0 0.584375 0.733333 0.006250 0.008333
0 0.582812 0.656250 0.006250 0.008333
0 0.562500 0.650000 0.006250 0.008333
0 0.548438 0.666667 0.006250 0.008333
0 0.540625 0.670833 0.006250 0.008333
0 0.562500 0.706250 0.006250 0.008333
0 0.559375 0.710417 0.006250 0.008333
0 0.546875 0.708333 0.006250 0.008333
0 0.534375 0.693750 0.006250 0.008333
0 0.534375 0.704167 0.006250 0.008333
0 0.528125 0.710417 0.006250 0.008333
0 0.539062 0.752083 0.012500 0.016667
0 0.518750 0.725000 0.006250 0.008333
0 0.496875 0.716667 0.006250 0.008333
0 0.484375 0.779167 0.012500 0.016667
0 0.456250 0.756250 0.012500 0.016667
0 0.528125 0.662500 0.006250 0.008333
0 0.518750 0.635417 0.006250 0.008333
0 0.503125 0.647917 0.006250 0.008333
0 0.498437 0.650000 0.006250 0.008333
0 0.492188 0.650000 0.006250 0.008333
0 0.506250 0.662500 0.006250 0.008333
0 0.512500 0.675000 0.006250 0.008333
0 0.510938 0.687500 0.006250 0.008333
0 0.492188 0.685417 0.006250 0.008333
0 0.476562 0.687500 0.006250 0.008333
0 0.476562 0.691667 0.006250 0.008333
0 0.475000 0.662500 0.006250 0.008333
0 0.451562 0.633333 0.006250 0.008333
0 0.412500 0.641667 0.006250 0.008333
0 0.350000 0.650000 0.006250 0.008333
0 0.335938 0.639583 0.006250 0.008333
0 0.306250 0.670833 0.006250 0.008333
0 0.251563 0.660417 0.006250 0.008333
0 0.101562 0.708333 0.006250 0.008333
0 0.062500 0.727083 0.006250 0.008333
0 0.445312 0.679167 0.006250 0.008333
0 0.439063 0.664583 0.006250 0.008333
0 0.429688 0.664583 0.006250 0.008333
0 0.423438 0.664583 0.006250 0.008333
0 0.437500 0.704167 0.006250 0.008333
0 0.403125 0.712500 0.006250 0.008333
0 0.387500 0.722917 0.006250 0.008333
0 0.378125 0.727083 0.006250 0.008333
0 0.345313 0.720833 0.006250 0.008333
0 0.310937 0.718750 0.006250 0.008333