0 0.781250 0.850000 0.012500 0.016667
0 0.732812 0.843750 0.012500 0.016667
0 0.731250 0.814583 0.012500 0.016667
0 0.621875 0.741667 0.006250 0.008333
0 0.615625 0.735417 0.006250 0.008333
0 0.612500 0.743750 0.006250 0.008333
0 0.604688 0.739583 0.006250 0.008333
0 0.618750 0.704167 0.006250 0.008333
0 0.612500 0.708333 0.006250 0.008333
0 0.600000 0.706250 0.006250 0.008333
0 0.582812 0.693750 0.006250 0.008333
0 0.576562 0.693750 0.006250 0.008333
0 0.564063 0.695833 0.006250 0.008333
0 0.543750 0.710417 0.006250 0.008333
0 0.540625 0.693750 0.006250 0.008333
0 0.534375 0.691667 0.006250 0.008333
0 0.539062 0.710417 0.006250 0.008333
0 0.532813 0.708333 0.006250 0.008333
0 0.528125 0.714583 0.006250 0.008333
0 0.525000 0.706250 0.006250 0.008333
0 0.553125 0.668750 0.006250 0.008333
0 0.562500 0.675000 0.006250 0.008333
0 0.570312 0.675000 0.006250 0.008333
0 0.560937 0.683333 0.006250 0.008333
0 0.504687 0.739583 0.006250 0.008333