0 0.928125 0.764583 0.012500 0.016667
0 0.964063 0.837500 0.012500 0.016667
0 0.957812 0.843750 0.012500 0.016667
0 0.943750 0.850000 0.012500 0.016667
0 0.921875 0.854167 0.012500 0.016667
0 0.971875 0.943750 0.012500 0.016667
0 0.851562 0.764583 0.012500 0.016667
0 0.831250 0.770833 0.012500 0.016667
0 0.829688 0.679167 0.006250 0.008333
0 0.803125 0.685417 0.006250 0.008333
0 0.759375 0.656250 0.006250 0.008333
0 0.746875 0.654167 0.006250 0.008333
0 0.762500 0.702083 0.006250 0.008333
0 0.801562 0.793750 0.012500 0.016667
0 0.781250 0.845833 0.012500 0.016667
0 0.729688 0.829167 0.012500 0.016667
0 0.726562 0.747917 0.006250 0.008333
0 0.721875 0.729167 0.006250 0.008333
0 0.715625 0.666667 0.006250 0.008333
0 0.701562 0.650000 0.006250 0.008333
0 0.687500 0.658333 0.006250 0.008333
0 0.642188 0.670833 0.006250 0.008333
0 0.698438 0.716667 0.006250 0.008333
0 0.679688 0.741667 0.006250 0.008333
0 0.650000 0.743750 0.006250 0.008333
0 0.610938 0.806250 0.012500 0.016667
0 0.575000 0.835417 0.012500 0.016667
0 0.550000 0.779167 0.012500 0.016667
0 0.539062 0.752083 0.012500 0.016667
0 0.560937 0.716667 0.006250 0.008333
0 0.556250 0.708333 0.006250 0.008333
0 0.560937 0.697917 0.006250 0.008333
0 0.551562 0.702083 0.006250 0.008333
0 0.529687 0.706250 0.006250 0.008333
0 0.520312 0.722917 0.006250 0.008333
0 0.526563 0.708333 0.006250 0.008333
0 0.521875 0.664583 0.006250 0.008333
0 0.512500 0.677083 0.006250 0.008333
0 0.512500 0.687500 0.006250 0.008333
0 0.507812 0.664583 0.006250 0.008333
0 0.501563 0.650000 0.006250 0.008333
0 0.495312 0.654167 0.006250 0.008333
0 0.496875 0.660417 0.006250 0.008333
0 0.490625 0.654167 0.006250 0.008333
0 0.476562 0.656250 0.006250 0.008333
0 0.503125 0.683333 0.006250 0.008333
0 0.492188 0.687500 0.006250 0.008333
0 0.496875 0.693750 0.006250 0.008333
0 0.501563 0.708333 0.006250 0.008333
0 0.496875 0.718750 0.006250 0.008333
0 0.476562 0.687500 0.006250 0.008333
0 0.440625 0.652083 0.006250 0.008333
0 0.440625 0.666667 0.006250 0.008333
0 0.446875 0.679167 0.006250 0.008333
0 0.425000 0.664583 0.006250 0.008333
0 0.493750 0.785417 0.012500 0.016667
0 0.484375 0.781250 0.012500 0.016667
0 0.454688 0.760417 0.012500 0.016667
0 0.454688 0.725000 0.006250 0.008333
0 0.456250 0.716667 0.006250 0.008333
0 0.440625 0.714583 0.006250 0.008333
0 0.435937 0.700000 0.006250 0.008333
0 0.428125 0.704167 0.006250 0.008333
0 0.421875 0.727083 0.006250 0.008333
0 0.429688 0.737500 0.006250 0.008333
0 0.370312 0.825000 0.012500 0.016667
0 0.359375 0.708333 0.006250 0.008333
0 0.351562 0.654167 0.006250 0.008333
0 0.335938 0.641667 0.006250 0.008333
0 0.306250 0.670833 0.006250 0.008333
0 0.298438 0.658333 0.006250 0.008333
0 0.314063 0.720833 0.006250 0.008333