0 0.779687 0.847917 0.012500 0.016667
0 0.732812 0.845833 0.012500 0.016667
0 0.729688 0.818750 0.012500 0.016667
0 0.621875 0.741667 0.006250 0.008333
0 0.612500 0.741667 0.006250 0.008333
0 0.606250 0.739583 0.006250 0.008333
0 0.621875 0.704167 0.006250 0.008333
0 0.612500 0.708333 0.006250 0.008333
0 0.598437 0.708333 0.006250 0.008333
0 0.590625 0.604167 0.006250 0.008333
0 0.585938 0.606250 0.006250 0.008333
0 0.585938 0.697917 0.006250 0.008333
0 0.578125 0.697917 0.006250 0.008333
0 0.545312 0.710417 0.006250 0.008333
0 0.539062 0.704167 0.006250 0.008333
0 0.528125 0.714583 0.006250 0.008333
0 0.523438 0.706250 0.006250 0.008333
0 0.504687 0.737500 0.006250 0.008333
0 0.553125 0.685417 0.006250 0.008333
0 0.551562 0.670833 0.006250 0.008333
0 0.567187 0.670833 0.006250 0.008333
0 0.562500 0.687500 0.006250 0.008333
0 0.559375 0.670833 0.006250 0.008333