0 0.184375 0.708333 0.006250 0.008333
0 0.275000 0.702083 0.006250 0.008333
0 0.268750 0.752083 0.012500 0.016667
0 0.965625 0.837500 0.012500 0.016667
0 0.956250 0.843750 0.012500 0.016667
0 0.937500 0.829167 0.012500 0.016667
0 0.948438 0.850000 0.012500 0.016667
0 0.921875 0.852083 0.012500 0.016667
0 0.903125 0.891667 0.012500 0.016667
0 0.951562 0.775000 0.012500 0.016667
0 0.928125 0.766667 0.012500 0.016667
0 0.829688 0.679167 0.006250 0.008333
0 0.801562 0.687500 0.006250 0.008333
0 0.757812 0.654167 0.006250 0.008333
0 0.748437 0.652083 0.006250 0.008333
0 0.762500 0.702083 0.006250 0.008333
0 0.829688 0.768750 0.012500 0.016667
0 0.781250 0.850000 0.012500 0.016667
0 0.759375 0.745833 0.006250 0.008333
0 0.739062 0.737500 0.006250 0.008333
0 0.725000 0.747917 0.006250 0.008333
0 0.698438 0.718750 0.006250 0.008333
0 0.681250 0.743750 0.006250 0.008333
0 0.679688 0.756250 0.012500 0.016667
0 0.673438 0.754167 0.012500 0.016667
0 0.650000 0.743750 0.006250 0.008333
0 0.640625 0.768750 0.012500 0.016667
0 0.650000 0.770833 0.012500 0.016667
0 0.660937 0.793750 0.012500 0.016667
0 0.714063 0.664583 0.006250 0.008333
0 0.703125 0.650000 0.006250 0.008333
0 0.690625 0.658333 0.006250 0.008333
0 0.656250 0.679167 0.006250 0.008333
0 0.640625 0.670833 0.006250 0.008333
0 0.614062 0.660417 0.006250 0.008333
0 0.609375 0.656250 0.006250 0.008333
0 0.587500 0.643750 0.006250 0.008333
0 0.581250 0.658333 0.006250 0.008333
0 0.559375 0.650000 0.006250 0.008333
0 0.500000 0.650000 0.006250 0.008333
0 0.496875 0.652083 0.006250 0.008333
0 0.492188 0.650000 0.006250 0.008333
0 0.439063 0.647917 0.006250 0.008333
0 0.375000 0.633333 0.006250 0.008333
0 0.445312 0.677083 0.006250 0.008333
0 0.367188 0.702083 0.006250 0.008333
0 0.359375 0.708333 0.006250 0.008333
0 0.454688 0.710417 0.006250 0.008333
0 0.429688 0.739583 0.006250 0.008333
0 0.456250 0.758333 0.012500 0.016667
0 0.512500 0.670833 0.006250 0.008333
0 0.490625 0.685417 0.006250 0.008333
0 0.629687 0.687500 0.006250 0.008333
0 0.629687 0.697917 0.006250 0.008333
0 0.621875 0.706250 0.006250 0.008333
0 0.617188 0.706250 0.006250 0.008333
0 0.612500 0.708333 0.006250 0.008333
0 0.610938 0.704167 0.006250 0.008333
0 0.596875 0.693750 0.006250 0.008333
0 0.582812 0.700000 0.006250 0.008333
0 0.578125 0.693750 0.006250 0.008333
0 0.548438 0.702083 0.006250 0.008333
0 0.542188 0.695833 0.006250 0.008333
0 0.534375 0.693750 0.006250 0.008333
0 0.512500 0.687500 0.006250 0.008333
0 0.501563 0.689583 0.006250 0.008333
0 0.495312 0.693750 0.006250 0.008333
0 0.531250 0.708333 0.006250 0.008333
0 0.510938 0.718750 0.006250 0.008333
0 0.503125 0.708333 0.006250 0.008333
0 0.496875 0.714583 0.006250 0.008333
0 0.578125 0.718750 0.006250 0.008333
0 0.562500 0.714583 0.006250 0.008333
0 0.628125 0.735417 0.006250 0.008333
0 0.623437 0.729167 0.006250 0.008333
0 0.610938 0.741667 0.006250 0.008333
0 0.600000 0.737500 0.006250 0.008333
0 0.590625 0.756250 0.012500 0.016667
0 0.587500 0.777083 0.012500 0.016667
0 0.579688 0.752083 0.012500 0.016667
0 0.568750 0.737500 0.006250 0.008333
0 0.500000 0.743750 0.006250 0.008333
0 0.482812 0.747917 0.006250 0.008333
0 0.506250 0.785417 0.012500 0.016667
0 0.503125 0.770833 0.012500 0.016667
0 0.492188 0.768750 0.012500 0.016667
0 0.487500 0.764583 0.012500 0.016667
0 0.487500 0.772917 0.012500 0.016667