0 0.359375 0.710417 0.006250 0.008333
0 0.357812 0.695833 0.006250 0.008333
0 0.360938 0.687500 0.006250 0.008333
0 0.368750 0.687500 0.006250 0.008333
0 0.376563 0.693750 0.006250 0.008333
0 0.379688 0.685417 0.006250 0.008333
0 0.371875 0.689583 0.006250 0.008333
0 0.365625 0.702083 0.006250 0.008333
0 0.378125 0.704167 0.006250 0.008333
0 0.459375 0.710417 0.006250 0.008333
0 0.467187 0.712500 0.006250 0.008333
0 0.503125 0.735417 0.006250 0.008333
0 0.517188 0.693750 0.006250 0.008333
0 0.523438 0.689583 0.006250 0.008333
0 0.534375 0.693750 0.006250 0.008333
0 0.540625 0.693750 0.006250 0.008333
0 0.542188 0.693750 0.006250 0.008333
0 0.528125 0.710417 0.006250 0.008333
0 0.534375 0.714583 0.006250 0.008333
0 0.539062 0.710417 0.006250 0.008333
0 0.578125 0.693750 0.006250 0.008333
0 0.584375 0.697917 0.006250 0.008333
0 0.576562 0.672917 0.006250 0.008333
0 0.598437 0.710417 0.006250 0.008333
0 0.612500 0.706250 0.006250 0.008333
0 0.620313 0.704167 0.006250 0.008333
0 0.607812 0.652083 0.006250 0.008333
0 0.604688 0.743750 0.006250 0.008333
0 0.614062 0.739583 0.006250 0.008333
0 0.623437 0.745833 0.006250 0.008333
0 0.628125 0.693750 0.006250 0.008333
0 0.642188 0.670833 0.006250 0.008333
0 0.657813 0.685417 0.006250 0.008333
0 0.696875 0.718750 0.006250 0.008333
0 0.731250 0.812500 0.012500 0.016667
0 0.731250 0.843750 0.012500 0.016667
0 0.782813 0.852083 0.012500 0.016667