0 0.782813 0.847917 0.012500 0.016667
0 0.732812 0.843750 0.012500 0.016667
0 0.731250 0.818750 0.012500 0.016667
0 0.698438 0.718750 0.006250 0.008333
0 0.621875 0.743750 0.006250 0.008333
0 0.614062 0.743750 0.006250 0.008333
0 0.604688 0.743750 0.006250 0.008333
0 0.628125 0.695833 0.006250 0.008333
0 0.618750 0.706250 0.006250 0.008333
0 0.612500 0.710417 0.006250 0.008333
0 0.642188 0.668750 0.006250 0.008333
0 0.656250 0.681250 0.006250 0.008333
0 0.609375 0.652083 0.006250 0.008333
0 0.600000 0.706250 0.006250 0.008333
0 0.585938 0.695833 0.006250 0.008333
0 0.578125 0.693750 0.006250 0.008333
0 0.578125 0.672917 0.006250 0.008333
0 0.548438 0.689583 0.006250 0.008333
0 0.542188 0.693750 0.006250 0.008333
0 0.534375 0.693750 0.006250 0.008333
0 0.540625 0.710417 0.006250 0.008333
0 0.534375 0.712500 0.006250 0.008333
0 0.529687 0.706250 0.006250 0.008333
0 0.521875 0.693750 0.006250 0.008333
0 0.515625 0.693750 0.006250 0.008333
0 0.503125 0.737500 0.006250 0.008333
0 0.467187 0.710417 0.006250 0.008333
0 0.456250 0.710417 0.006250 0.008333
0 0.385937 0.695833 0.006250 0.008333
0 0.371875 0.687500 0.006250 0.008333
0 0.370312 0.693750 0.006250 0.008333
0 0.357812 0.706250 0.006250 0.008333
0 0.371875 0.702083 0.006250 0.008333
0 0.364063 0.697917 0.006250 0.008333
0 0.362500 0.685417 0.006250 0.008333
0 0.378125 0.685417 0.006250 0.008333