0 0.307812 0.668750 0.006250 0.008333
0 0.267188 0.752083 0.012500 0.016667
0 0.182812 0.706250 0.006250 0.008333
0 0.375000 0.702083 0.006250 0.008333
0 0.439063 0.650000 0.006250 0.008333
0 0.831250 0.679167 0.006250 0.008333
0 0.757812 0.650000 0.006250 0.008333
0 0.748437 0.654167 0.006250 0.008333
0 0.803125 0.687500 0.006250 0.008333
0 0.762500 0.704167 0.006250 0.008333
0 0.715625 0.666667 0.006250 0.008333
0 0.703125 0.650000 0.006250 0.008333
0 0.690625 0.656250 0.006250 0.008333
0 0.656250 0.679167 0.006250 0.008333
0 0.643750 0.670833 0.006250 0.008333
0 0.612500 0.660417 0.006250 0.008333
0 0.609375 0.650000 0.006250 0.008333
0 0.585938 0.645833 0.006250 0.008333
0 0.579688 0.658333 0.006250 0.008333
0 0.559375 0.650000 0.006250 0.008333
0 0.501563 0.647917 0.006250 0.008333
0 0.496875 0.654167 0.006250 0.008333
0 0.487500 0.647917 0.006250 0.008333
0 0.510938 0.670833 0.006250 0.008333
0 0.445312 0.683333 0.006250 0.008333
0 0.510938 0.687500 0.006250 0.008333
0 0.500000 0.687500 0.006250 0.008333
0 0.496875 0.695833 0.006250 0.008333
0 0.490625 0.689583 0.006250 0.008333
0 0.457813 0.710417 0.006250 0.008333
0 0.429688 0.739583 0.006250 0.008333
0 0.456250 0.758333 0.012500 0.016667
0 0.629687 0.687500 0.006250 0.008333
0 0.628125 0.695833 0.006250 0.008333
0 0.623437 0.706250 0.006250 0.008333
0 0.617188 0.708333 0.006250 0.008333
0 0.612500 0.708333 0.006250 0.008333
0 0.609375 0.702083 0.006250 0.008333
0 0.596875 0.689583 0.006250 0.008333
0 0.582812 0.695833 0.006250 0.008333
0 0.578125 0.695833 0.006250 0.008333
0 0.576562 0.718750 0.006250 0.008333
0 0.560937 0.714583 0.006250 0.008333
0 0.550000 0.702083 0.006250 0.008333
0 0.540625 0.697917 0.006250 0.008333
0 0.531250 0.693750 0.006250 0.008333
0 0.531250 0.710417 0.006250 0.008333
0 0.512500 0.718750 0.006250 0.008333
0 0.504687 0.708333 0.006250 0.008333
0 0.496875 0.718750 0.006250 0.008333
0 0.500000 0.745833 0.006250 0.008333
0 0.492188 0.750000 0.012500 0.016667
0 0.484375 0.758333 0.012500 0.016667
0 0.487500 0.764583 0.012500 0.016667
0 0.501563 0.766667 0.012500 0.016667
0 0.506250 0.785417 0.012500 0.016667
0 0.487500 0.777083 0.012500 0.016667
0 0.621875 0.725000 0.006250 0.008333
0 0.626563 0.733333 0.006250 0.008333
0 0.609375 0.739583 0.006250 0.008333
0 0.598437 0.739583 0.006250 0.008333
0 0.570312 0.739583 0.006250 0.008333
0 0.567187 0.750000 0.012500 0.016667
0 0.576562 0.754167 0.012500 0.016667
0 0.571875 0.770833 0.012500 0.016667
0 0.698438 0.718750 0.006250 0.008333
0 0.737500 0.737500 0.006250 0.008333
0 0.726562 0.745833 0.006250 0.008333
0 0.717187 0.741667 0.006250 0.008333
0 0.678125 0.741667 0.006250 0.008333
0 0.682813 0.756250 0.012500 0.016667
0 0.675000 0.754167 0.012500 0.016667
0 0.650000 0.743750 0.006250 0.008333
0 0.651563 0.770833 0.012500 0.016667
0 0.640625 0.768750 0.012500 0.016667
0 0.650000 0.787500 0.012500 0.016667
0 0.831250 0.768750 0.012500 0.016667
0 0.781250 0.850000 0.012500 0.016667
0 0.929688 0.764583 0.012500 0.016667
0 0.953125 0.783333 0.012500 0.016667
0 0.964063 0.839583 0.012500 0.016667
0 0.956250 0.839583 0.012500 0.016667
0 0.939063 0.829167 0.012500 0.016667
0 0.945312 0.850000 0.012500 0.016667
0 0.921875 0.852083 0.012500 0.016667
0 0.901563 0.891667 0.012500 0.016667