0 0.781250 0.847917 0.012500 0.016667
0 0.732812 0.841667 0.012500 0.016667
0 0.729688 0.816667 0.012500 0.016667
0 0.621875 0.745833 0.006250 0.008333
0 0.617188 0.737500 0.006250 0.008333
0 0.612500 0.741667 0.006250 0.008333
0 0.606250 0.743750 0.006250 0.008333
0 0.621875 0.704167 0.006250 0.008333
0 0.612500 0.708333 0.006250 0.008333
0 0.609375 0.647917 0.006250 0.008333
0 0.601562 0.706250 0.006250 0.008333
0 0.595313 0.691667 0.006250 0.008333
0 0.587500 0.687500 0.006250 0.008333
0 0.582812 0.700000 0.006250 0.008333
0 0.581250 0.691667 0.006250 0.008333
0 0.562500 0.695833 0.006250 0.008333
0 0.571875 0.677083 0.006250 0.008333
0 0.568750 0.664583 0.006250 0.008333
0 0.565625 0.672917 0.006250 0.008333
0 0.557813 0.679167 0.006250 0.008333
0 0.550000 0.672917 0.006250 0.008333
0 0.557813 0.668750 0.006250 0.008333
0 0.545312 0.710417 0.006250 0.008333
0 0.540625 0.691667 0.006250 0.008333
0 0.532813 0.695833 0.006250 0.008333
0 0.539062 0.708333 0.006250 0.008333
0 0.531250 0.708333 0.006250 0.008333
0 0.528125 0.716667 0.006250 0.008333
0 0.525000 0.706250 0.006250 0.008333
0 0.504687 0.737500 0.006250 0.008333