0 0.965625 0.729167 0.006250 0.008333
0 0.928125 0.766667 0.012500 0.016667
0 0.964063 0.837500 0.012500 0.016667
0 0.957812 0.841667 0.012500 0.016667
0 0.920312 0.854167 0.012500 0.016667
0 0.843750 0.814583 0.012500 0.016667
0 0.831250 0.768750 0.012500 0.016667
0 0.829688 0.677083 0.006250 0.008333
0 0.792188 0.641667 0.006250 0.008333
0 0.803125 0.689583 0.006250 0.008333
0 0.759375 0.654167 0.006250 0.008333
0 0.743750 0.635417 0.006250 0.008333
0 0.731250 0.633333 0.006250 0.008333
0 0.746875 0.654167 0.006250 0.008333
0 0.707812 0.647917 0.006250 0.008333
0 0.703125 0.652083 0.006250 0.008333
0 0.687500 0.658333 0.006250 0.008333
0 0.715625 0.666667 0.006250 0.008333
0 0.696875 0.693750 0.006250 0.008333
0 0.696875 0.716667 0.006250 0.008333
0 0.726562 0.745833 0.006250 0.008333
0 0.657813 0.739583 0.006250 0.008333
0 0.637500 0.641667 0.006250 0.008333
0 0.642188 0.670833 0.006250 0.008333
0 0.609375 0.635417 0.006250 0.008333
0 0.609375 0.652083 0.006250 0.008333
0 0.615625 0.660417 0.006250 0.008333
0 0.587500 0.643750 0.006250 0.008333
0 0.582812 0.656250 0.006250 0.008333
0 0.567187 0.660417 0.006250 0.008333
0 0.559375 0.647917 0.006250 0.008333
0 0.623437 0.706250 0.006250 0.008333
0 0.612500 0.708333 0.006250 0.008333
0 0.607812 0.697917 0.006250 0.008333
0 0.603125 0.691667 0.006250 0.008333
0 0.592187 0.697917 0.006250 0.008333
0 0.582812 0.695833 0.006250 0.008333
0 0.585938 0.735417 0.006250 0.008333
0 0.642188 0.827083 0.012500 0.016667
0 0.632812 0.808333 0.012500 0.016667
0 0.628125 0.804167 0.012500 0.016667
0 0.615625 0.810417 0.012500 0.016667
0 0.573438 0.831250 0.012500 0.016667
0 0.550000 0.779167 0.012500 0.016667
0 0.518750 0.635417 0.006250 0.008333
0 0.501563 0.647917 0.006250 0.008333
0 0.496875 0.652083 0.006250 0.008333
0 0.489063 0.652083 0.006250 0.008333
0 0.521875 0.660417 0.006250 0.008333
0 0.540625 0.670833 0.006250 0.008333
0 0.542188 0.681250 0.006250 0.008333
0 0.560937 0.714583 0.006250 0.008333
0 0.553125 0.702083 0.006250 0.008333
0 0.550000 0.700000 0.006250 0.008333
0 0.542188 0.693750 0.006250 0.008333
0 0.535937 0.693750 0.006250 0.008333
0 0.534375 0.706250 0.006250 0.008333
0 0.528125 0.708333 0.006250 0.008333
0 0.540625 0.752083 0.012500 0.016667
0 0.520312 0.725000 0.006250 0.008333
0 0.510938 0.718750 0.006250 0.008333
0 0.492188 0.783333 0.012500 0.016667
0 0.484375 0.781250 0.012500 0.016667
0 0.507812 0.668750 0.006250 0.008333
0 0.512500 0.675000 0.006250 0.008333
0 0.510938 0.689583 0.006250 0.008333
0 0.503125 0.685417 0.006250 0.008333
0 0.492188 0.685417 0.006250 0.008333
0 0.496875 0.697917 0.006250 0.008333
0 0.496875 0.716667 0.006250 0.008333
0 0.475000 0.666667 0.006250 0.008333
0 0.473438 0.677083 0.006250 0.008333
0 0.476562 0.687500 0.006250 0.008333
0 0.478125 0.691667 0.006250 0.008333
0 0.476562 0.704167 0.006250 0.008333
0 0.451562 0.633333 0.006250 0.008333
0 0.412500 0.639583 0.006250 0.008333
0 0.440625 0.650000 0.006250 0.008333
0 0.440625 0.668750 0.006250 0.008333
0 0.445312 0.677083 0.006250 0.008333
0 0.425000 0.662500 0.006250 0.008333
0 0.431250 0.681250 0.006250 0.008333
0 0.435937 0.704167 0.006250 0.008333
0 0.454688 0.725000 0.006250 0.008333
0 0.453125 0.758333 0.012500 0.016667
0 0.414062 0.710417 0.006250 0.008333
0 0.382812 0.706250 0.006250 0.008333
0 0.382812 0.670833 0.006250 0.008333
0 0.359375 0.710417 0.006250 0.008333
0 0.351562 0.650000 0.006250 0.008333
0 0.337500 0.639583 0.006250 0.008333
0 0.253125 0.660417 0.006250 0.008333
0 0.101562 0.706250 0.006250 0.008333
0 0.062500 0.722917 0.006250 0.008333