0 0.932813 0.643750 0.006250 0.008333
0 0.921875 0.683333 0.006250 0.008333
0 0.937500 0.747917 0.006250 0.008333
0 0.915625 0.722917 0.006250 0.008333
0 0.893750 0.718750 0.006250 0.008333
0 0.926562 0.764583 0.012500 0.016667
0 0.964063 0.837500 0.012500 0.016667
0 0.959375 0.841667 0.012500 0.016667
0 0.920312 0.854167 0.012500 0.016667
0 0.826562 0.770833 0.012500 0.016667
0 0.817187 0.802083 0.012500 0.016667
0 0.831250 0.679167 0.006250 0.008333
0 0.803125 0.689583 0.006250 0.008333
0 0.793750 0.639583 0.006250 0.008333
0 0.745313 0.633333 0.006250 0.008333
0 0.732812 0.633333 0.006250 0.008333
0 0.746875 0.652083 0.006250 0.008333
0 0.701562 0.652083 0.006250 0.008333
0 0.714063 0.664583 0.006250 0.008333
0 0.715625 0.672917 0.006250 0.008333
0 0.726562 0.745833 0.006250 0.008333
0 0.696875 0.693750 0.006250 0.008333
0 0.701562 0.700000 0.006250 0.008333
0 0.698438 0.716667 0.006250 0.008333
0 0.653125 0.702083 0.006250 0.008333
0 0.656250 0.739583 0.006250 0.008333
0 0.618750 0.768750 0.012500 0.016667
0 0.634375 0.808333 0.012500 0.016667
0 0.626563 0.802083 0.012500 0.016667
0 0.631250 0.818750 0.012500 0.016667
0 0.614062 0.810417 0.012500 0.016667
0 0.643750 0.670833 0.006250 0.008333
0 0.635938 0.641667 0.006250 0.008333
0 0.614062 0.658333 0.006250 0.008333
0 0.609375 0.650000 0.006250 0.008333
0 0.625000 0.708333 0.006250 0.008333
0 0.617188 0.704167 0.006250 0.008333
0 0.612500 0.710417 0.006250 0.008333
0 0.607812 0.695833 0.006250 0.008333
0 0.596875 0.697917 0.006250 0.008333
0 0.582812 0.658333 0.006250 0.008333
0 0.578125 0.672917 0.006250 0.008333
0 0.560937 0.650000 0.006250 0.008333
0 0.550000 0.666667 0.006250 0.008333
0 0.537500 0.670833 0.006250 0.008333
0 0.525000 0.660417 0.006250 0.008333
0 0.517188 0.635417 0.006250 0.008333
0 0.500000 0.647917 0.006250 0.008333
0 0.495312 0.652083 0.006250 0.008333
0 0.487500 0.652083 0.006250 0.008333
0 0.451562 0.635417 0.006250 0.008333
0 0.410938 0.641667 0.006250 0.008333
0 0.351562 0.652083 0.006250 0.008333
0 0.339062 0.639583 0.006250 0.008333
0 0.306250 0.670833 0.006250 0.008333
0 0.254688 0.660417 0.006250 0.008333
0 0.475000 0.662500 0.006250 0.008333
0 0.440625 0.664583 0.006250 0.008333
0 0.431250 0.662500 0.006250 0.008333
0 0.423438 0.664583 0.006250 0.008333
0 0.442188 0.679167 0.006250 0.008333
0 0.507812 0.666667 0.006250 0.008333
0 0.512500 0.675000 0.006250 0.008333
0 0.510938 0.687500 0.006250 0.008333
0 0.492188 0.687500 0.006250 0.008333
0 0.476562 0.687500 0.006250 0.008333
0 0.476562 0.693750 0.006250 0.008333
0 0.435937 0.704167 0.006250 0.008333
0 0.403125 0.712500 0.006250 0.008333
0 0.389062 0.718750 0.006250 0.008333
0 0.378125 0.727083 0.006250 0.008333
0 0.343750 0.718750 0.006250 0.008333
0 0.310937 0.716667 0.006250 0.008333
0 0.100000 0.704167 0.006250 0.008333
0 0.062500 0.720833 0.006250 0.008333
0 0.585938 0.733333 0.006250 0.008333
0 0.564063 0.708333 0.006250 0.008333
0 0.560937 0.712500 0.006250 0.008333
0 0.545312 0.704167 0.006250 0.008333
0 0.534375 0.693750 0.006250 0.008333
0 0.534375 0.702083 0.006250 0.008333
0 0.529687 0.706250 0.006250 0.008333
0 0.521875 0.722917 0.006250 0.008333
0 0.539062 0.750000 0.012500 0.016667
0 0.500000 0.712500 0.006250 0.008333
0 0.485938 0.779167 0.012500 0.016667
0 0.456250 0.756250 0.012500 0.016667