0 0.981250 0.702083 0.006250 0.008333
0 0.931250 0.645833 0.006250 0.008333
0 0.921875 0.681250 0.006250 0.008333
0 0.910937 0.722917 0.006250 0.008333
0 0.893750 0.718750 0.006250 0.008333
0 0.928125 0.766667 0.012500 0.016667
0 0.965625 0.837500 0.012500 0.016667
0 0.956250 0.839583 0.012500 0.016667
0 0.920312 0.850000 0.012500 0.016667
0 0.828125 0.677083 0.006250 0.008333
0 0.845313 0.731250 0.006250 0.008333
0 0.829688 0.768750 0.012500 0.016667
0 0.815625 0.806250 0.012500 0.016667
0 0.801562 0.683333 0.006250 0.008333
0 0.793750 0.641667 0.006250 0.008333
0 0.743750 0.635417 0.006250 0.008333
0 0.731250 0.633333 0.006250 0.008333
0 0.746875 0.652083 0.006250 0.008333
0 0.703125 0.650000 0.006250 0.008333
0 0.714063 0.668750 0.006250 0.008333
0 0.715625 0.672917 0.006250 0.008333
0 0.725000 0.747917 0.006250 0.008333
0 0.696875 0.691667 0.006250 0.008333
0 0.701562 0.702083 0.006250 0.008333
0 0.698438 0.718750 0.006250 0.008333
0 0.639062 0.637500 0.006250 0.008333
0 0.640625 0.668750 0.006250 0.008333
0 0.653125 0.702083 0.006250 0.008333
0 0.657813 0.739583 0.006250 0.008333
0 0.632812 0.806250 0.012500 0.016667
0 0.628125 0.802083 0.012500 0.016667
0 0.634375 0.822917 0.012500 0.016667
0 0.614062 0.802083 0.012500 0.016667
0 0.585938 0.772917 0.012500 0.016667
0 0.589063 0.733333 0.006250 0.008333
0 0.625000 0.710417 0.006250 0.008333
0 0.614062 0.697917 0.006250 0.008333
0 0.610938 0.706250 0.006250 0.008333
0 0.606250 0.695833 0.006250 0.008333
0 0.596875 0.693750 0.006250 0.008333
0 0.612500 0.658333 0.006250 0.008333
0 0.609375 0.650000 0.006250 0.008333
0 0.582812 0.658333 0.006250 0.008333
0 0.560937 0.650000 0.006250 0.008333
0 0.556250 0.664583 0.006250 0.008333
0 0.543750 0.664583 0.006250 0.008333
0 0.539062 0.666667 0.006250 0.008333
0 0.528125 0.660417 0.006250 0.008333
0 0.518750 0.635417 0.006250 0.008333
0 0.503125 0.647917 0.006250 0.008333
0 0.496875 0.650000 0.006250 0.008333
0 0.489063 0.652083 0.006250 0.008333
0 0.450000 0.633333 0.006250 0.008333
0 0.412500 0.641667 0.006250 0.008333
0 0.353125 0.650000 0.006250 0.008333
0 0.335938 0.639583 0.006250 0.008333
0 0.306250 0.670833 0.006250 0.008333
0 0.253125 0.660417 0.006250 0.008333
0 0.101562 0.708333 0.006250 0.008333
0 0.062500 0.722917 0.006250 0.008333
0 0.475000 0.664583 0.006250 0.008333
0 0.445312 0.677083 0.006250 0.008333
0 0.440625 0.666667 0.006250 0.008333
0 0.432812 0.662500 0.006250 0.008333
0 0.423438 0.664583 0.006250 0.008333
0 0.506250 0.666667 0.006250 0.008333
0 0.512500 0.675000 0.006250 0.008333
0 0.510938 0.687500 0.006250 0.008333
0 0.492188 0.683333 0.006250 0.008333
0 0.478125 0.685417 0.006250 0.008333
0 0.475000 0.691667 0.006250 0.008333
0 0.435937 0.702083 0.006250 0.008333
0 0.403125 0.710417 0.006250 0.008333
0 0.389062 0.720833 0.006250 0.008333
0 0.379688 0.722917 0.006250 0.008333
0 0.345313 0.720833 0.006250 0.008333
0 0.307812 0.716667 0.006250 0.008333
0 0.534375 0.693750 0.006250 0.008333
0 0.557813 0.706250 0.006250 0.008333
0 0.550000 0.712500 0.006250 0.008333
0 0.546875 0.706250 0.006250 0.008333
0 0.534375 0.706250 0.006250 0.008333
0 0.529687 0.708333 0.006250 0.008333
0 0.539062 0.752083 0.012500 0.016667
0 0.520312 0.722917 0.006250 0.008333
0 0.498437 0.714583 0.006250 0.008333
0 0.484375 0.779167 0.012500 0.016667
0 0.454688 0.756250 0.012500 0.016667