0 0.985938 0.860417 0.012500 0.016667
0 0.964063 0.839583 0.012500 0.016667
0 0.920312 0.852083 0.012500 0.016667
0 0.968750 0.779167 0.012500 0.016667
0 0.959375 0.777083 0.012500 0.016667
0 0.981250 0.702083 0.006250 0.008333
0 0.931250 0.643750 0.006250 0.008333
0 0.912500 0.720833 0.006250 0.008333
0 0.893750 0.716667 0.006250 0.008333
0 0.815625 0.804167 0.012500 0.016667
0 0.821875 0.687500 0.006250 0.008333
0 0.804688 0.685417 0.006250 0.008333
0 0.792188 0.641667 0.006250 0.008333
0 0.742188 0.635417 0.006250 0.008333
0 0.732812 0.635417 0.006250 0.008333
0 0.746875 0.656250 0.006250 0.008333
0 0.715625 0.672917 0.006250 0.008333
0 0.725000 0.747917 0.006250 0.008333
0 0.696875 0.716667 0.006250 0.008333
0 0.703125 0.704167 0.006250 0.008333
0 0.698438 0.693750 0.006250 0.008333
0 0.632812 0.808333 0.012500 0.016667
0 0.628125 0.804167 0.012500 0.016667
0 0.632812 0.818750 0.012500 0.016667
0 0.617188 0.806250 0.012500 0.016667
0 0.657813 0.741667 0.006250 0.008333
0 0.654687 0.700000 0.006250 0.008333
0 0.643750 0.658333 0.006250 0.008333
0 0.609375 0.654167 0.006250 0.008333
0 0.610938 0.662500 0.006250 0.008333
0 0.623437 0.706250 0.006250 0.008333
0 0.615625 0.700000 0.006250 0.008333
0 0.610938 0.710417 0.006250 0.008333
0 0.596875 0.697917 0.006250 0.008333
0 0.582812 0.656250 0.006250 0.008333
0 0.559375 0.650000 0.006250 0.008333
0 0.550000 0.666667 0.006250 0.008333
0 0.584375 0.735417 0.006250 0.008333
0 0.564063 0.708333 0.006250 0.008333
0 0.562500 0.714583 0.006250 0.008333
0 0.539062 0.750000 0.012500 0.016667
0 0.546875 0.706250 0.006250 0.008333
0 0.539062 0.670833 0.006250 0.008333
0 0.535937 0.675000 0.006250 0.008333
0 0.534375 0.693750 0.006250 0.008333
0 0.534375 0.708333 0.006250 0.008333
0 0.528125 0.708333 0.006250 0.008333
0 0.521875 0.722917 0.006250 0.008333
0 0.498437 0.714583 0.006250 0.008333
0 0.512500 0.689583 0.006250 0.008333
0 0.512500 0.679167 0.006250 0.008333
0 0.528125 0.660417 0.006250 0.008333
0 0.518750 0.635417 0.006250 0.008333
0 0.507812 0.664583 0.006250 0.008333
0 0.503125 0.645833 0.006250 0.008333
0 0.496875 0.650000 0.006250 0.008333
0 0.490625 0.650000 0.006250 0.008333
0 0.492188 0.685417 0.006250 0.008333
0 0.489063 0.672917 0.006250 0.008333
0 0.476562 0.691667 0.006250 0.008333
0 0.476562 0.683333 0.006250 0.008333
0 0.475000 0.662500 0.006250 0.008333
0 0.484375 0.779167 0.012500 0.016667
0 0.454688 0.756250 0.012500 0.016667
0 0.437500 0.704167 0.006250 0.008333
0 0.453125 0.631250 0.006250 0.008333
0 0.412500 0.641667 0.006250 0.008333
0 0.440625 0.666667 0.006250 0.008333
0 0.431250 0.666667 0.006250 0.008333
0 0.423438 0.660417 0.006250 0.008333
0 0.418750 0.679167 0.006250 0.008333
0 0.379688 0.672917 0.006250 0.008333
0 0.404687 0.712500 0.006250 0.008333
0 0.390625 0.720833 0.006250 0.008333
0 0.379688 0.722917 0.006250 0.008333
0 0.345313 0.720833 0.006250 0.008333
0 0.309375 0.716667 0.006250 0.008333
0 0.307812 0.756250 0.012500 0.016667
0 0.250000 0.747917 0.006250 0.008333
0 0.235937 0.758333 0.012500 0.016667
0 0.307812 0.670833 0.006250 0.008333
0 0.253125 0.662500 0.006250 0.008333
0 0.337500 0.641667 0.006250 0.008333
0 0.101562 0.706250 0.006250 0.008333
0 0.064062 0.725000 0.006250 0.008333