0 0.778125 0.847917 0.012500 0.016667
0 0.731250 0.841667 0.012500 0.016667
0 0.731250 0.814583 0.012500 0.016667
0 0.621875 0.745833 0.006250 0.008333
0 0.612500 0.741667 0.006250 0.008333
0 0.603125 0.739583 0.006250 0.008333
0 0.618750 0.706250 0.006250 0.008333
0 0.612500 0.712500 0.006250 0.008333
0 0.600000 0.706250 0.006250 0.008333
0 0.584375 0.695833 0.006250 0.008333
0 0.578125 0.695833 0.006250 0.008333
0 0.578125 0.670833 0.006250 0.008333
0 0.587500 0.597917 0.006250 0.008333
0 0.612500 0.595833 0.006250 0.008333
0 0.543750 0.710417 0.006250 0.008333
0 0.537500 0.708333 0.006250 0.008333
0 0.528125 0.718750 0.006250 0.008333
0 0.526563 0.710417 0.006250 0.008333
0 0.503125 0.739583 0.006250 0.008333
0 0.564063 0.700000 0.006250 0.008333
0 0.556250 0.679167 0.006250 0.008333
0 0.564063 0.685417 0.006250 0.008333
0 0.546875 0.683333 0.006250 0.008333
0 0.545312 0.670833 0.006250 0.008333
0 0.542188 0.675000 0.006250 0.008333
0 0.551562 0.681250 0.006250 0.008333