0 0.779687 0.850000 0.012500 0.016667
0 0.732812 0.841667 0.012500 0.016667
0 0.731250 0.812500 0.012500 0.016667
0 0.621875 0.743750 0.006250 0.008333
0 0.612500 0.739583 0.006250 0.008333
0 0.603125 0.741667 0.006250 0.008333
0 0.620313 0.706250 0.006250 0.008333
0 0.612500 0.710417 0.006250 0.008333
0 0.601562 0.708333 0.006250 0.008333
0 0.595313 0.693750 0.006250 0.008333
0 0.587500 0.689583 0.006250 0.008333
0 0.579688 0.700000 0.006250 0.008333
0 0.579688 0.689583 0.006250 0.008333
0 0.545312 0.712500 0.006250 0.008333
0 0.562500 0.697917 0.006250 0.008333
0 0.556250 0.679167 0.006250 0.008333
0 0.568750 0.679167 0.006250 0.008333
0 0.557813 0.687500 0.006250 0.008333
0 0.564063 0.679167 0.006250 0.008333
0 0.550000 0.683333 0.006250 0.008333
0 0.542188 0.695833 0.006250 0.008333
0 0.537500 0.708333 0.006250 0.008333
0 0.532813 0.693750 0.006250 0.008333
0 0.528125 0.716667 0.006250 0.008333
0 0.523438 0.708333 0.006250 0.008333
0 0.504687 0.739583 0.006250 0.008333