0 0.932813 0.647917 0.006250 0.008333
0 0.982812 0.704167 0.006250 0.008333
0 0.987500 0.860417 0.012500 0.016667
0 0.965625 0.839583 0.012500 0.016667
0 0.920312 0.852083 0.012500 0.016667
0 0.971875 0.779167 0.012500 0.016667
0 0.960938 0.772917 0.012500 0.016667
0 0.912500 0.722917 0.006250 0.008333
0 0.893750 0.716667 0.006250 0.008333
0 0.815625 0.802083 0.012500 0.016667
0 0.835938 0.687500 0.006250 0.008333
0 0.817187 0.685417 0.006250 0.008333
0 0.801562 0.685417 0.006250 0.008333
0 0.790625 0.643750 0.006250 0.008333
0 0.712500 0.664583 0.006250 0.008333
0 0.715625 0.668750 0.006250 0.008333
0 0.726562 0.747917 0.006250 0.008333
0 0.696875 0.693750 0.006250 0.008333
0 0.703125 0.704167 0.006250 0.008333
0 0.696875 0.714583 0.006250 0.008333
0 0.643750 0.658333 0.006250 0.008333
0 0.640625 0.668750 0.006250 0.008333
0 0.654687 0.700000 0.006250 0.008333
0 0.657813 0.737500 0.006250 0.008333
0 0.632812 0.808333 0.012500 0.016667
0 0.628125 0.802083 0.012500 0.016667
0 0.629687 0.818750 0.012500 0.016667
0 0.615625 0.806250 0.012500 0.016667
0 0.607812 0.652083 0.006250 0.008333
0 0.614062 0.660417 0.006250 0.008333
0 0.610938 0.666667 0.006250 0.008333
0 0.623437 0.708333 0.006250 0.008333
0 0.615625 0.702083 0.006250 0.008333
0 0.609375 0.710417 0.006250 0.008333
0 0.606250 0.697917 0.006250 0.008333
0 0.598437 0.693750 0.006250 0.008333
0 0.582812 0.656250 0.006250 0.008333
0 0.585938 0.733333 0.006250 0.008333
0 0.570312 0.756250 0.012500 0.016667
0 0.562500 0.708333 0.006250 0.008333
0 0.559375 0.716667 0.006250 0.008333
0 0.545312 0.706250 0.006250 0.008333
0 0.560937 0.647917 0.006250 0.008333
0 0.551562 0.664583 0.006250 0.008333
0 0.539062 0.668750 0.006250 0.008333
0 0.528125 0.660417 0.006250 0.008333
0 0.518750 0.633333 0.006250 0.008333
0 0.500000 0.650000 0.006250 0.008333
0 0.495312 0.654167 0.006250 0.008333
0 0.490625 0.654167 0.006250 0.008333
0 0.451562 0.633333 0.006250 0.008333
0 0.412500 0.639583 0.006250 0.008333
0 0.335938 0.639583 0.006250 0.008333
0 0.351562 0.652083 0.006250 0.008333
0 0.307812 0.670833 0.006250 0.008333
0 0.251563 0.662500 0.006250 0.008333
0 0.101562 0.706250 0.006250 0.008333
0 0.062500 0.720833 0.006250 0.008333
0 0.423438 0.660417 0.006250 0.008333
0 0.432812 0.666667 0.006250 0.008333
0 0.440625 0.666667 0.006250 0.008333
0 0.446875 0.679167 0.006250 0.008333
0 0.475000 0.664583 0.006250 0.008333
0 0.507812 0.666667 0.006250 0.008333
0 0.514062 0.675000 0.006250 0.008333
0 0.512500 0.685417 0.006250 0.008333
0 0.492188 0.685417 0.006250 0.008333
0 0.475000 0.687500 0.006250 0.008333
0 0.476562 0.695833 0.006250 0.008333
0 0.437500 0.702083 0.006250 0.008333
0 0.403125 0.714583 0.006250 0.008333
0 0.389062 0.716667 0.006250 0.008333
0 0.378125 0.727083 0.006250 0.008333
0 0.345313 0.722917 0.006250 0.008333
0 0.310937 0.716667 0.006250 0.008333
0 0.532813 0.693750 0.006250 0.008333
0 0.534375 0.704167 0.006250 0.008333
0 0.531250 0.708333 0.006250 0.008333
0 0.498437 0.714583 0.006250 0.008333
0 0.520312 0.722917 0.006250 0.008333
0 0.540625 0.752083 0.012500 0.016667
0 0.485938 0.779167 0.012500 0.016667
0 0.454688 0.756250 0.012500 0.016667