0 0.781250 0.854167 0.012500 0.016667
0 0.731250 0.843750 0.012500 0.016667
0 0.731250 0.812500 0.012500 0.016667
0 0.621875 0.741667 0.006250 0.008333
0 0.612500 0.741667 0.006250 0.008333
0 0.603125 0.743750 0.006250 0.008333
0 0.620313 0.706250 0.006250 0.008333
0 0.612500 0.708333 0.006250 0.008333
0 0.601562 0.706250 0.006250 0.008333
0 0.606250 0.602083 0.006250 0.008333
0 0.589063 0.597917 0.006250 0.008333
0 0.584375 0.695833 0.006250 0.008333
0 0.578125 0.695833 0.006250 0.008333
0 0.560937 0.697917 0.006250 0.008333
0 0.557813 0.681250 0.006250 0.008333
0 0.568750 0.672917 0.006250 0.008333
0 0.575000 0.672917 0.006250 0.008333
0 0.565625 0.681250 0.006250 0.008333
0 0.560937 0.670833 0.006250 0.008333
0 0.553125 0.675000 0.006250 0.008333
0 0.545312 0.712500 0.006250 0.008333
0 0.542188 0.695833 0.006250 0.008333
0 0.532813 0.693750 0.006250 0.008333
0 0.537500 0.712500 0.006250 0.008333
0 0.529687 0.712500 0.006250 0.008333
0 0.504687 0.739583 0.006250 0.008333