0 0.782813 0.852083 0.012500 0.016667
0 0.732812 0.843750 0.012500 0.016667
0 0.731250 0.814583 0.012500 0.016667
0 0.504687 0.737500 0.006250 0.008333
0 0.621875 0.743750 0.006250 0.008333
0 0.606250 0.743750 0.006250 0.008333
0 0.612500 0.743750 0.006250 0.008333
0 0.528125 0.718750 0.006250 0.008333
0 0.525000 0.710417 0.006250 0.008333
0 0.534375 0.710417 0.006250 0.008333
0 0.543750 0.710417 0.006250 0.008333
0 0.589063 0.672917 0.006250 0.008333
0 0.601562 0.672917 0.006250 0.008333
0 0.606250 0.681250 0.006250 0.008333
0 0.595313 0.681250 0.006250 0.008333
0 0.600000 0.668750 0.006250 0.008333
0 0.595313 0.668750 0.006250 0.008333
0 0.596875 0.681250 0.006250 0.008333
0 0.598437 0.693750 0.006250 0.008333
0 0.590625 0.685417 0.006250 0.008333
0 0.609375 0.670833 0.006250 0.008333
0 0.598437 0.706250 0.006250 0.008333
0 0.612500 0.706250 0.006250 0.008333
0 0.620313 0.704167 0.006250 0.008333