0 0.779687 0.850000 0.012500 0.016667
0 0.731250 0.841667 0.012500 0.016667
0 0.729688 0.816667 0.012500 0.016667
0 0.620313 0.745833 0.006250 0.008333
0 0.617188 0.737500 0.006250 0.008333
0 0.612500 0.745833 0.006250 0.008333
0 0.604688 0.741667 0.006250 0.008333
0 0.620313 0.708333 0.006250 0.008333
0 0.612500 0.708333 0.006250 0.008333
0 0.600000 0.706250 0.006250 0.008333
0 0.592187 0.691667 0.006250 0.008333
0 0.584375 0.693750 0.006250 0.008333
0 0.579688 0.697917 0.006250 0.008333
0 0.540625 0.693750 0.006250 0.008333
0 0.532813 0.695833 0.006250 0.008333
0 0.559375 0.679167 0.006250 0.008333
0 0.562500 0.697917 0.006250 0.008333
0 0.568750 0.679167 0.006250 0.008333
0 0.560937 0.668750 0.006250 0.008333
0 0.553125 0.681250 0.006250 0.008333
0 0.565625 0.687500 0.006250 0.008333
0 0.545312 0.712500 0.006250 0.008333
0 0.537500 0.708333 0.006250 0.008333
0 0.529687 0.714583 0.006250 0.008333
0 0.525000 0.708333 0.006250 0.008333
0 0.504687 0.737500 0.006250 0.008333