0 0.932813 0.645833 0.006250 0.008333
0 0.920312 0.683333 0.006250 0.008333
0 0.981250 0.704167 0.006250 0.008333
0 0.829688 0.677083 0.006250 0.008333
0 0.793750 0.641667 0.006250 0.008333
0 0.801562 0.685417 0.006250 0.008333
0 0.926562 0.766667 0.012500 0.016667
0 0.965625 0.839583 0.012500 0.016667
0 0.956250 0.841667 0.012500 0.016667
0 0.920312 0.854167 0.012500 0.016667
0 0.829688 0.770833 0.012500 0.016667
0 0.815625 0.804167 0.012500 0.016667
0 0.726562 0.745833 0.006250 0.008333
0 0.746875 0.654167 0.006250 0.008333
0 0.742188 0.635417 0.006250 0.008333
0 0.703125 0.652083 0.006250 0.008333
0 0.714063 0.666667 0.006250 0.008333
0 0.712500 0.672917 0.006250 0.008333
0 0.696875 0.693750 0.006250 0.008333
0 0.696875 0.718750 0.006250 0.008333
0 0.657813 0.741667 0.006250 0.008333
0 0.631250 0.820833 0.012500 0.016667
0 0.632812 0.806250 0.012500 0.016667
0 0.629687 0.800000 0.012500 0.016667
0 0.615625 0.808333 0.012500 0.016667
0 0.642188 0.672917 0.006250 0.008333
0 0.635938 0.639583 0.006250 0.008333
0 0.612500 0.662500 0.006250 0.008333
0 0.610938 0.652083 0.006250 0.008333
0 0.582812 0.654167 0.006250 0.008333
0 0.565625 0.660417 0.006250 0.008333
0 0.562500 0.650000 0.006250 0.008333
0 0.518750 0.637500 0.006250 0.008333
0 0.451562 0.631250 0.006250 0.008333
0 0.410938 0.639583 0.006250 0.008333
0 0.351562 0.650000 0.006250 0.008333
0 0.335938 0.641667 0.006250 0.008333
0 0.304688 0.670833 0.006250 0.008333
0 0.253125 0.660417 0.006250 0.008333
0 0.100000 0.708333 0.006250 0.008333
0 0.062500 0.725000 0.006250 0.008333
0 0.623437 0.706250 0.006250 0.008333
0 0.615625 0.695833 0.006250 0.008333
0 0.607812 0.700000 0.006250 0.008333
0 0.610938 0.708333 0.006250 0.008333
0 0.585938 0.735417 0.006250 0.008333
0 0.562500 0.712500 0.006250 0.008333
0 0.562500 0.695833 0.006250 0.008333
0 0.556250 0.697917 0.006250 0.008333
0 0.550000 0.702083 0.006250 0.008333
0 0.546875 0.679167 0.006250 0.008333
0 0.539062 0.670833 0.006250 0.008333
0 0.531250 0.656250 0.006250 0.008333
0 0.521875 0.660417 0.006250 0.008333
0 0.503125 0.645833 0.006250 0.008333
0 0.496875 0.652083 0.006250 0.008333
0 0.490625 0.652083 0.006250 0.008333
0 0.473438 0.664583 0.006250 0.008333
0 0.443750 0.679167 0.006250 0.008333
0 0.440625 0.666667 0.006250 0.008333
0 0.431250 0.664583 0.006250 0.008333
0 0.425000 0.664583 0.006250 0.008333
0 0.539062 0.683333 0.006250 0.008333
0 0.534375 0.693750 0.006250 0.008333
0 0.507812 0.668750 0.006250 0.008333
0 0.512500 0.675000 0.006250 0.008333
0 0.510938 0.687500 0.006250 0.008333
0 0.535937 0.708333 0.006250 0.008333
0 0.529687 0.710417 0.006250 0.008333
0 0.492188 0.687500 0.006250 0.008333
0 0.476562 0.687500 0.006250 0.008333
0 0.476562 0.693750 0.006250 0.008333
0 0.476562 0.704167 0.006250 0.008333
0 0.520312 0.722917 0.006250 0.008333
0 0.512500 0.718750 0.006250 0.008333
0 0.498437 0.714583 0.006250 0.008333
0 0.539062 0.752083 0.012500 0.016667
0 0.550000 0.779167 0.012500 0.016667
0 0.484375 0.781250 0.012500 0.016667
0 0.454688 0.756250 0.012500 0.016667
0 0.437500 0.704167 0.006250 0.008333
0 0.403125 0.712500 0.006250 0.008333
0 0.390625 0.718750 0.006250 0.008333
0 0.384375 0.725000 0.006250 0.008333
0 0.375000 0.725000 0.006250 0.008333
0 0.343750 0.720833 0.006250 0.008333
0 0.309375 0.716667 0.006250 0.008333