0 0.781250 0.845833 0.012500 0.016667
0 0.732812 0.845833 0.012500 0.016667
0 0.729688 0.816667 0.012500 0.016667
0 0.618750 0.743750 0.006250 0.008333
0 0.612500 0.739583 0.006250 0.008333
0 0.604688 0.743750 0.006250 0.008333
0 0.618750 0.704167 0.006250 0.008333
0 0.612500 0.706250 0.006250 0.008333
0 0.643750 0.660417 0.006250 0.008333
0 0.609375 0.652083 0.006250 0.008333
0 0.600000 0.704167 0.006250 0.008333
0 0.584375 0.697917 0.006250 0.008333
0 0.578125 0.693750 0.006250 0.008333
0 0.578125 0.672917 0.006250 0.008333
0 0.543750 0.710417 0.006250 0.008333
0 0.554688 0.691667 0.006250 0.008333
0 0.528125 0.714583 0.006250 0.008333
0 0.523438 0.710417 0.006250 0.008333
0 0.537500 0.706250 0.006250 0.008333
0 0.545312 0.689583 0.006250 0.008333
0 0.542188 0.687500 0.006250 0.008333
0 0.504687 0.741667 0.006250 0.008333
0 0.529687 0.681250 0.006250 0.008333
0 0.512500 0.670833 0.006250 0.008333
0 0.523438 0.672917 0.006250 0.008333
0 0.510938 0.679167 0.006250 0.008333
0 0.515625 0.687500 0.006250 0.008333