0 0.971875 0.939583 0.012500 0.016667
0 0.965625 0.837500 0.012500 0.016667
0 0.956250 0.841667 0.012500 0.016667
0 0.946875 0.852083 0.012500 0.016667
0 0.921875 0.854167 0.012500 0.016667
0 0.926562 0.764583 0.012500 0.016667
0 0.887500 0.731250 0.006250 0.008333
0 0.831250 0.679167 0.006250 0.008333
0 0.804688 0.687500 0.006250 0.008333
0 0.757812 0.656250 0.006250 0.008333
0 0.746875 0.652083 0.006250 0.008333
0 0.762500 0.702083 0.006250 0.008333
0 0.715625 0.664583 0.006250 0.008333
0 0.703125 0.650000 0.006250 0.008333
0 0.689063 0.658333 0.006250 0.008333
0 0.642188 0.670833 0.006250 0.008333
0 0.615625 0.660417 0.006250 0.008333
0 0.609375 0.650000 0.006250 0.008333
0 0.623437 0.706250 0.006250 0.008333
0 0.612500 0.710417 0.006250 0.008333
0 0.607812 0.697917 0.006250 0.008333
0 0.601562 0.691667 0.006250 0.008333
0 0.595313 0.695833 0.006250 0.008333
0 0.590625 0.697917 0.006250 0.008333
0 0.698438 0.718750 0.006250 0.008333
0 0.726562 0.750000 0.012500 0.016667
0 0.831250 0.766667 0.012500 0.016667
0 0.875000 0.816667 0.012500 0.016667
0 0.804688 0.866667 0.012500 0.016667
0 0.779687 0.845833 0.012500 0.016667
0 0.676562 0.743750 0.006250 0.008333
0 0.650000 0.743750 0.006250 0.008333
0 0.626563 0.766667 0.012500 0.016667
0 0.617188 0.735417 0.006250 0.008333
0 0.585938 0.735417 0.006250 0.008333
0 0.582812 0.756250 0.012500 0.016667
0 0.579688 0.768750 0.012500 0.016667
0 0.576562 0.835417 0.012500 0.016667
0 0.523438 0.660417 0.006250 0.008333
0 0.523438 0.666667 0.006250 0.008333
0 0.500000 0.647917 0.006250 0.008333
0 0.496875 0.652083 0.006250 0.008333
0 0.489063 0.650000 0.006250 0.008333
0 0.496875 0.658333 0.006250 0.008333
0 0.514062 0.675000 0.006250 0.008333
0 0.512500 0.689583 0.006250 0.008333
0 0.503125 0.683333 0.006250 0.008333
0 0.490625 0.683333 0.006250 0.008333
0 0.493750 0.687500 0.006250 0.008333
0 0.495312 0.697917 0.006250 0.008333
0 0.506250 0.706250 0.006250 0.008333
0 0.543750 0.693750 0.006250 0.008333
0 0.539062 0.704167 0.006250 0.008333
0 0.534375 0.710417 0.006250 0.008333
0 0.526563 0.708333 0.006250 0.008333
0 0.521875 0.722917 0.006250 0.008333
0 0.540625 0.752083 0.012500 0.016667
0 0.520312 0.772917 0.012500 0.016667
0 0.507812 0.783333 0.012500 0.016667
0 0.484375 0.777083 0.012500 0.016667
0 0.467187 0.779167 0.012500 0.016667
0 0.498437 0.716667 0.006250 0.008333
0 0.470313 0.718750 0.006250 0.008333
0 0.476562 0.687500 0.006250 0.008333
0 0.442188 0.647917 0.006250 0.008333
0 0.440625 0.666667 0.006250 0.008333
0 0.446875 0.681250 0.006250 0.008333
0 0.451562 0.725000 0.006250 0.008333
0 0.450000 0.722917 0.006250 0.008333
0 0.454688 0.758333 0.012500 0.016667
0 0.432812 0.737500 0.006250 0.008333
0 0.437500 0.704167 0.006250 0.008333
0 0.428125 0.706250 0.006250 0.008333
0 0.423438 0.664583 0.006250 0.008333
0 0.403125 0.643750 0.006250 0.008333
0 0.359375 0.708333 0.006250 0.008333
0 0.351562 0.650000 0.006250 0.008333
0 0.307812 0.668750 0.006250 0.008333
0 0.300000 0.656250 0.006250 0.008333
0 0.278125 0.737500 0.006250 0.008333
0 0.359375 0.800000 0.012500 0.016667
0 0.370312 0.822917 0.012500 0.016667
0 0.423438 0.793750 0.012500 0.016667