0 0.985938 0.862500 0.012500 0.016667
0 0.964063 0.839583 0.012500 0.016667
0 0.920312 0.854167 0.012500 0.016667
0 0.970313 0.781250 0.012500 0.016667
0 0.957812 0.775000 0.012500 0.016667
0 0.982812 0.702083 0.006250 0.008333
0 0.932813 0.647917 0.006250 0.008333
0 0.912500 0.720833 0.006250 0.008333
0 0.893750 0.716667 0.006250 0.008333
0 0.814063 0.804167 0.012500 0.016667
0 0.821875 0.687500 0.006250 0.008333
0 0.804688 0.685417 0.006250 0.008333
0 0.792188 0.641667 0.006250 0.008333
0 0.746875 0.654167 0.006250 0.008333
0 0.743750 0.635417 0.006250 0.008333
0 0.731250 0.633333 0.006250 0.008333
0 0.715625 0.672917 0.006250 0.008333
0 0.728125 0.747917 0.006250 0.008333
0 0.698438 0.720833 0.006250 0.008333
0 0.701562 0.706250 0.006250 0.008333
0 0.696875 0.697917 0.006250 0.008333
0 0.629687 0.822917 0.012500 0.016667
0 0.632812 0.808333 0.012500 0.016667
0 0.628125 0.800000 0.012500 0.016667
0 0.614062 0.808333 0.012500 0.016667
0 0.656250 0.737500 0.006250 0.008333
0 0.654687 0.700000 0.006250 0.008333
0 0.643750 0.658333 0.006250 0.008333
0 0.609375 0.652083 0.006250 0.008333
0 0.610938 0.660417 0.006250 0.008333
0 0.625000 0.708333 0.006250 0.008333
0 0.618750 0.700000 0.006250 0.008333
0 0.612500 0.708333 0.006250 0.008333
0 0.598437 0.697917 0.006250 0.008333
0 0.582812 0.656250 0.006250 0.008333
0 0.559375 0.650000 0.006250 0.008333
0 0.550000 0.664583 0.006250 0.008333
0 0.539062 0.670833 0.006250 0.008333
0 0.528125 0.658333 0.006250 0.008333
0 0.517188 0.637500 0.006250 0.008333
0 0.581250 0.733333 0.006250 0.008333
0 0.562500 0.712500 0.006250 0.008333
0 0.545312 0.706250 0.006250 0.008333
0 0.534375 0.706250 0.006250 0.008333
0 0.529687 0.708333 0.006250 0.008333
0 0.534375 0.693750 0.006250 0.008333
0 0.539062 0.752083 0.012500 0.016667
0 0.521875 0.722917 0.006250 0.008333
0 0.484375 0.777083 0.012500 0.016667
0 0.456250 0.760417 0.012500 0.016667
0 0.496875 0.716667 0.006250 0.008333
0 0.512500 0.687500 0.006250 0.008333
0 0.507812 0.668750 0.006250 0.008333
0 0.501563 0.650000 0.006250 0.008333
0 0.495312 0.650000 0.006250 0.008333
0 0.490625 0.650000 0.006250 0.008333
0 0.490625 0.685417 0.006250 0.008333
0 0.487500 0.677083 0.006250 0.008333
0 0.476562 0.691667 0.006250 0.008333
0 0.471875 0.679167 0.006250 0.008333
0 0.475000 0.666667 0.006250 0.008333
0 0.451562 0.635417 0.006250 0.008333
0 0.410938 0.641667 0.006250 0.008333
0 0.439063 0.666667 0.006250 0.008333
0 0.432812 0.664583 0.006250 0.008333
0 0.423438 0.664583 0.006250 0.008333
0 0.437500 0.704167 0.006250 0.008333
0 0.403125 0.681250 0.006250 0.008333
0 0.404687 0.712500 0.006250 0.008333
0 0.390625 0.718750 0.006250 0.008333
0 0.378125 0.727083 0.006250 0.008333
0 0.375000 0.677083 0.006250 0.008333
0 0.359375 0.679167 0.006250 0.008333
0 0.345313 0.720833 0.006250 0.008333
0 0.310937 0.718750 0.006250 0.008333
0 0.306250 0.756250 0.012500 0.016667
0 0.306250 0.670833 0.006250 0.008333
0 0.253125 0.662500 0.006250 0.008333
0 0.248438 0.745833 0.006250 0.008333
0 0.237500 0.754167 0.012500 0.016667
0 0.101562 0.708333 0.006250 0.008333
0 0.062500 0.725000 0.006250 0.008333