0 0.782813 0.852083 0.012500 0.016667
0 0.732812 0.843750 0.012500 0.016667
0 0.731250 0.814583 0.012500 0.016667
0 0.623437 0.743750 0.006250 0.008333
0 0.617188 0.739583 0.006250 0.008333
0 0.612500 0.739583 0.006250 0.008333
0 0.606250 0.743750 0.006250 0.008333
0 0.596875 0.691667 0.006250 0.008333
0 0.593750 0.691667 0.006250 0.008333
0 0.581250 0.679167 0.006250 0.008333
0 0.596875 0.670833 0.006250 0.008333
0 0.587500 0.668750 0.006250 0.008333
0 0.587500 0.685417 0.006250 0.008333
0 0.593750 0.679167 0.006250 0.008333
0 0.578125 0.672917 0.006250 0.008333
0 0.579688 0.687500 0.006250 0.008333
0 0.545312 0.708333 0.006250 0.008333
0 0.539062 0.708333 0.006250 0.008333
0 0.532813 0.708333 0.006250 0.008333
0 0.525000 0.708333 0.006250 0.008333
0 0.529687 0.714583 0.006250 0.008333
0 0.504687 0.737500 0.006250 0.008333