0 0.985938 0.864583 0.012500 0.016667
0 0.962500 0.839583 0.012500 0.016667
0 0.918750 0.856250 0.012500 0.016667
0 0.973437 0.781250 0.012500 0.016667
0 0.957812 0.775000 0.012500 0.016667
0 0.982812 0.704167 0.006250 0.008333
0 0.934375 0.645833 0.006250 0.008333
0 0.912500 0.718750 0.006250 0.008333
0 0.890625 0.716667 0.006250 0.008333
0 0.815625 0.802083 0.012500 0.016667
0 0.821875 0.687500 0.006250 0.008333
0 0.804688 0.687500 0.006250 0.008333
0 0.792188 0.641667 0.006250 0.008333
0 0.742188 0.633333 0.006250 0.008333
0 0.732812 0.637500 0.006250 0.008333
0 0.750000 0.654167 0.006250 0.008333
0 0.715625 0.672917 0.006250 0.008333
0 0.695312 0.666667 0.006250 0.008333
0 0.698438 0.693750 0.006250 0.008333
0 0.703125 0.702083 0.006250 0.008333
0 0.696875 0.716667 0.006250 0.008333
0 0.726562 0.747917 0.006250 0.008333
0 0.656250 0.739583 0.006250 0.008333
0 0.654687 0.702083 0.006250 0.008333
0 0.643750 0.660417 0.006250 0.008333
0 0.634375 0.672917 0.006250 0.008333
0 0.612500 0.660417 0.006250 0.008333
0 0.609375 0.654167 0.006250 0.008333
0 0.604688 0.660417 0.006250 0.008333
0 0.581250 0.656250 0.006250 0.008333
0 0.559375 0.647917 0.006250 0.008333
0 0.553125 0.666667 0.006250 0.008333
0 0.540625 0.668750 0.006250 0.008333
0 0.523438 0.660417 0.006250 0.008333
0 0.520312 0.633333 0.006250 0.008333
0 0.503125 0.645833 0.006250 0.008333
0 0.498437 0.647917 0.006250 0.008333
0 0.489063 0.647917 0.006250 0.008333
0 0.451562 0.635417 0.006250 0.008333
0 0.410938 0.641667 0.006250 0.008333
0 0.353125 0.652083 0.006250 0.008333
0 0.335938 0.639583 0.006250 0.008333
0 0.306250 0.670833 0.006250 0.008333
0 0.100000 0.708333 0.006250 0.008333
0 0.064062 0.722917 0.006250 0.008333
0 0.250000 0.743750 0.006250 0.008333
0 0.234375 0.756250 0.012500 0.016667
0 0.309375 0.714583 0.006250 0.008333
0 0.345313 0.722917 0.006250 0.008333
0 0.304688 0.756250 0.012500 0.016667
0 0.403125 0.710417 0.006250 0.008333
0 0.389062 0.720833 0.006250 0.008333
0 0.378125 0.725000 0.006250 0.008333
0 0.421875 0.660417 0.006250 0.008333
0 0.432812 0.664583 0.006250 0.008333
0 0.442188 0.668750 0.006250 0.008333
0 0.445312 0.679167 0.006250 0.008333
0 0.437500 0.702083 0.006250 0.008333
0 0.476562 0.662500 0.006250 0.008333
0 0.506250 0.666667 0.006250 0.008333
0 0.512500 0.675000 0.006250 0.008333
0 0.510938 0.687500 0.006250 0.008333
0 0.492188 0.687500 0.006250 0.008333
0 0.476562 0.689583 0.006250 0.008333
0 0.475000 0.691667 0.006250 0.008333
0 0.456250 0.756250 0.012500 0.016667
0 0.498437 0.712500 0.006250 0.008333
0 0.534375 0.691667 0.006250 0.008333
0 0.535937 0.700000 0.006250 0.008333
0 0.532813 0.708333 0.006250 0.008333
0 0.528125 0.708333 0.006250 0.008333
0 0.520312 0.722917 0.006250 0.008333
0 0.546875 0.706250 0.006250 0.008333
0 0.598437 0.697917 0.006250 0.008333
0 0.562500 0.708333 0.006250 0.008333
0 0.560937 0.712500 0.006250 0.008333
0 0.615625 0.700000 0.006250 0.008333
0 0.623437 0.704167 0.006250 0.008333
0 0.610938 0.708333 0.006250 0.008333
0 0.585938 0.733333 0.006250 0.008333
0 0.540625 0.754167 0.012500 0.016667
0 0.484375 0.777083 0.012500 0.016667
0 0.634375 0.808333 0.012500 0.016667
0 0.628125 0.800000 0.012500 0.016667
0 0.615625 0.806250 0.012500 0.016667
0 0.632812 0.822917 0.012500 0.016667