0 0.971875 0.941667 0.012500 0.016667
0 0.887500 0.893750 0.012500 0.016667
0 0.921875 0.854167 0.012500 0.016667
0 0.946875 0.852083 0.012500 0.016667
0 0.954688 0.841667 0.012500 0.016667
0 0.965625 0.839583 0.012500 0.016667
0 0.939063 0.831250 0.012500 0.016667
0 0.926562 0.766667 0.012500 0.016667
0 0.829688 0.768750 0.012500 0.016667
0 0.781250 0.847917 0.012500 0.016667
0 0.828125 0.677083 0.006250 0.008333
0 0.801562 0.685417 0.006250 0.008333
0 0.760938 0.654167 0.006250 0.008333
0 0.745313 0.652083 0.006250 0.008333
0 0.762500 0.702083 0.006250 0.008333
0 0.754687 0.741667 0.006250 0.008333
0 0.725000 0.745833 0.006250 0.008333
0 0.696875 0.716667 0.006250 0.008333
0 0.714063 0.664583 0.006250 0.008333
0 0.701562 0.654167 0.006250 0.008333
0 0.687500 0.658333 0.006250 0.008333
0 0.679688 0.743750 0.006250 0.008333
0 0.648438 0.745833 0.006250 0.008333
0 0.642188 0.768750 0.012500 0.016667
0 0.640625 0.756250 0.012500 0.016667
0 0.628125 0.735417 0.006250 0.008333
0 0.640625 0.670833 0.006250 0.008333
0 0.614062 0.658333 0.006250 0.008333
0 0.609375 0.654167 0.006250 0.008333
0 0.623437 0.706250 0.006250 0.008333
0 0.612500 0.708333 0.006250 0.008333
0 0.606250 0.700000 0.006250 0.008333
0 0.601562 0.693750 0.006250 0.008333
0 0.595313 0.697917 0.006250 0.008333
0 0.590625 0.693750 0.006250 0.008333
0 0.584375 0.695833 0.006250 0.008333
0 0.578125 0.695833 0.006250 0.008333
0 0.587500 0.645833 0.006250 0.008333
0 0.582812 0.656250 0.006250 0.008333
0 0.560937 0.650000 0.006250 0.008333
0 0.565625 0.660417 0.006250 0.008333
0 0.564063 0.681250 0.006250 0.008333
0 0.543750 0.670833 0.006250 0.008333
0 0.548438 0.675000 0.006250 0.008333
0 0.546875 0.679167 0.006250 0.008333
0 0.590625 0.731250 0.006250 0.008333
0 0.571875 0.731250 0.006250 0.008333
0 0.562500 0.714583 0.006250 0.008333
0 0.557813 0.710417 0.006250 0.008333
0 0.550000 0.704167 0.006250 0.008333
0 0.540625 0.693750 0.006250 0.008333
0 0.534375 0.697917 0.006250 0.008333
0 0.539062 0.706250 0.006250 0.008333
0 0.537500 0.708333 0.006250 0.008333
0 0.520312 0.722917 0.006250 0.008333
0 0.534375 0.733333 0.006250 0.008333
0 0.539062 0.752083 0.012500 0.016667
0 0.500000 0.766667 0.012500 0.016667
0 0.484375 0.775000 0.012500 0.016667
0 0.464062 0.783333 0.012500 0.016667
0 0.370312 0.827083 0.012500 0.016667
0 0.293750 0.937500 0.012500 0.016667
0 0.303125 0.808333 0.012500 0.016667
0 0.390625 0.772917 0.012500 0.016667
0 0.521875 0.662500 0.006250 0.008333
0 0.501563 0.647917 0.006250 0.008333
0 0.496875 0.650000 0.006250 0.008333
0 0.489063 0.652083 0.006250 0.008333
0 0.496875 0.662500 0.006250 0.008333
0 0.510938 0.685417 0.006250 0.008333
0 0.500000 0.685417 0.006250 0.008333
0 0.492188 0.685417 0.006250 0.008333
0 0.495312 0.695833 0.006250 0.008333
0 0.504687 0.706250 0.006250 0.008333
0 0.496875 0.716667 0.006250 0.008333
0 0.479687 0.720833 0.006250 0.008333
0 0.476562 0.687500 0.006250 0.008333
0 0.357812 0.708333 0.006250 0.008333
0 0.304688 0.670833 0.006250 0.008333
0 0.268750 0.750000 0.012500 0.016667
0 0.082812 0.729167 0.006250 0.008333