0 0.985938 0.862500 0.012500 0.016667
0 0.962500 0.839583 0.012500 0.016667
0 0.920312 0.854167 0.012500 0.016667
0 0.971875 0.781250 0.012500 0.016667
0 0.957812 0.777083 0.012500 0.016667
0 0.981250 0.706250 0.006250 0.008333
0 0.934375 0.645833 0.006250 0.008333
0 0.914062 0.722917 0.006250 0.008333
0 0.893750 0.716667 0.006250 0.008333
0 0.815625 0.804167 0.012500 0.016667
0 0.823438 0.687500 0.006250 0.008333
0 0.801562 0.687500 0.006250 0.008333
0 0.790625 0.639583 0.006250 0.008333
0 0.743750 0.635417 0.006250 0.008333
0 0.729688 0.635417 0.006250 0.008333
0 0.746875 0.654167 0.006250 0.008333
0 0.715625 0.675000 0.006250 0.008333
0 0.673438 0.666667 0.006250 0.008333
0 0.643750 0.658333 0.006250 0.008333
0 0.609375 0.650000 0.006250 0.008333
0 0.610938 0.660417 0.006250 0.008333
0 0.625000 0.672917 0.006250 0.008333
0 0.581250 0.656250 0.006250 0.008333
0 0.589063 0.664583 0.006250 0.008333
0 0.560937 0.647917 0.006250 0.008333
0 0.515625 0.635417 0.006250 0.008333
0 0.450000 0.633333 0.006250 0.008333
0 0.412500 0.641667 0.006250 0.008333
0 0.354687 0.652083 0.006250 0.008333
0 0.251563 0.662500 0.006250 0.008333
0 0.100000 0.704167 0.006250 0.008333
0 0.064062 0.722917 0.006250 0.008333
0 0.503125 0.645833 0.006250 0.008333
0 0.496875 0.650000 0.006250 0.008333
0 0.490625 0.652083 0.006250 0.008333
0 0.475000 0.664583 0.006250 0.008333
0 0.439063 0.666667 0.006250 0.008333
0 0.432812 0.660417 0.006250 0.008333
0 0.423438 0.662500 0.006250 0.008333
0 0.445312 0.677083 0.006250 0.008333
0 0.506250 0.666667 0.006250 0.008333
0 0.528125 0.662500 0.006250 0.008333
0 0.551562 0.666667 0.006250 0.008333
0 0.537500 0.670833 0.006250 0.008333
0 0.514062 0.675000 0.006250 0.008333
0 0.512500 0.685417 0.006250 0.008333
0 0.493750 0.683333 0.006250 0.008333
0 0.498437 0.693750 0.006250 0.008333
0 0.478125 0.687500 0.006250 0.008333
0 0.476562 0.697917 0.006250 0.008333
0 0.498437 0.716667 0.006250 0.008333
0 0.532813 0.693750 0.006250 0.008333
0 0.543750 0.708333 0.006250 0.008333
0 0.560937 0.714583 0.006250 0.008333
0 0.562500 0.708333 0.006250 0.008333
0 0.595313 0.697917 0.006250 0.008333
0 0.623437 0.704167 0.006250 0.008333
0 0.614062 0.700000 0.006250 0.008333
0 0.610938 0.708333 0.006250 0.008333
0 0.653125 0.697917 0.006250 0.008333
0 0.696875 0.691667 0.006250 0.008333
0 0.701562 0.706250 0.006250 0.008333
0 0.696875 0.718750 0.006250 0.008333
0 0.726562 0.747917 0.006250 0.008333
0 0.657813 0.737500 0.006250 0.008333
0 0.584375 0.733333 0.006250 0.008333
0 0.631250 0.818750 0.012500 0.016667
0 0.634375 0.806250 0.012500 0.016667
0 0.628125 0.804167 0.012500 0.016667
0 0.615625 0.810417 0.012500 0.016667
0 0.540625 0.752083 0.012500 0.016667
0 0.534375 0.706250 0.006250 0.008333
0 0.529687 0.708333 0.006250 0.008333
0 0.521875 0.722917 0.006250 0.008333
0 0.484375 0.781250 0.012500 0.016667
0 0.456250 0.760417 0.012500 0.016667
0 0.437500 0.704167 0.006250 0.008333
0 0.403125 0.712500 0.006250 0.008333
0 0.389062 0.720833 0.006250 0.008333
0 0.378125 0.725000 0.006250 0.008333
0 0.343750 0.718750 0.006250 0.008333
0 0.309375 0.716667 0.006250 0.008333
0 0.304688 0.754167 0.012500 0.016667
0 0.248438 0.747917 0.006250 0.008333
0 0.235937 0.756250 0.012500 0.016667