0 0.982812 0.702083 0.006250 0.008333
0 0.893750 0.718750 0.006250 0.008333
0 0.929688 0.766667 0.012500 0.016667
0 0.965625 0.839583 0.012500 0.016667
0 0.959375 0.841667 0.012500 0.016667
0 0.918750 0.854167 0.012500 0.016667
0 0.829688 0.677083 0.006250 0.008333
0 0.790625 0.641667 0.006250 0.008333
0 0.743750 0.631250 0.006250 0.008333
0 0.731250 0.633333 0.006250 0.008333
0 0.746875 0.650000 0.006250 0.008333
0 0.804688 0.685417 0.006250 0.008333
0 0.829688 0.766667 0.012500 0.016667
0 0.817187 0.802083 0.012500 0.016667
0 0.703125 0.652083 0.006250 0.008333
0 0.715625 0.666667 0.006250 0.008333
0 0.712500 0.675000 0.006250 0.008333
0 0.734375 0.714583 0.006250 0.008333
0 0.723437 0.745833 0.006250 0.008333
0 0.696875 0.691667 0.006250 0.008333
0 0.703125 0.700000 0.006250 0.008333
0 0.698438 0.716667 0.006250 0.008333
0 0.634375 0.641667 0.006250 0.008333
0 0.642188 0.670833 0.006250 0.008333
0 0.654687 0.700000 0.006250 0.008333
0 0.656250 0.737500 0.006250 0.008333
0 0.609375 0.652083 0.006250 0.008333
0 0.614062 0.660417 0.006250 0.008333
0 0.623437 0.708333 0.006250 0.008333
0 0.615625 0.702083 0.006250 0.008333
0 0.610938 0.708333 0.006250 0.008333
0 0.606250 0.700000 0.006250 0.008333
0 0.596875 0.695833 0.006250 0.008333
0 0.585938 0.733333 0.006250 0.008333
0 0.634375 0.804167 0.012500 0.016667
0 0.628125 0.804167 0.012500 0.016667
0 0.631250 0.820833 0.012500 0.016667
0 0.615625 0.808333 0.012500 0.016667
0 0.565625 0.775000 0.012500 0.016667
0 0.539062 0.752083 0.012500 0.016667
0 0.484375 0.781250 0.012500 0.016667
0 0.456250 0.758333 0.012500 0.016667
0 0.582812 0.658333 0.006250 0.008333
0 0.560937 0.650000 0.006250 0.008333
0 0.557813 0.664583 0.006250 0.008333
0 0.517188 0.635417 0.006250 0.008333
0 0.539062 0.670833 0.006250 0.008333
0 0.531250 0.660417 0.006250 0.008333
0 0.525000 0.658333 0.006250 0.008333
0 0.507812 0.668750 0.006250 0.008333
0 0.501563 0.645833 0.006250 0.008333
0 0.496875 0.650000 0.006250 0.008333
0 0.490625 0.650000 0.006250 0.008333
0 0.450000 0.631250 0.006250 0.008333
0 0.410938 0.641667 0.006250 0.008333
0 0.335938 0.639583 0.006250 0.008333
0 0.351562 0.654167 0.006250 0.008333
0 0.306250 0.670833 0.006250 0.008333
0 0.253125 0.662500 0.006250 0.008333
0 0.100000 0.706250 0.006250 0.008333
0 0.065625 0.722917 0.006250 0.008333
0 0.554688 0.702083 0.006250 0.008333
0 0.548438 0.712500 0.006250 0.008333
0 0.546875 0.704167 0.006250 0.008333
0 0.540625 0.706250 0.006250 0.008333
0 0.534375 0.693750 0.006250 0.008333
0 0.534375 0.708333 0.006250 0.008333
0 0.529687 0.710417 0.006250 0.008333
0 0.521875 0.722917 0.006250 0.008333
0 0.512500 0.675000 0.006250 0.008333
0 0.512500 0.687500 0.006250 0.008333
0 0.492188 0.685417 0.006250 0.008333
0 0.496875 0.714583 0.006250 0.008333
0 0.476562 0.687500 0.006250 0.008333
0 0.476562 0.695833 0.006250 0.008333
0 0.475000 0.664583 0.006250 0.008333
0 0.445312 0.679167 0.006250 0.008333
0 0.440625 0.662500 0.006250 0.008333
0 0.431250 0.664583 0.006250 0.008333
0 0.423438 0.662500 0.006250 0.008333
0 0.437500 0.702083 0.006250 0.008333
0 0.403125 0.710417 0.006250 0.008333
0 0.389062 0.718750 0.006250 0.008333
0 0.379688 0.727083 0.006250 0.008333
0 0.345313 0.718750 0.006250 0.008333
0 0.310937 0.718750 0.006250 0.008333