0 0.829688 0.679167 0.006250 0.008333
0 0.804688 0.687500 0.006250 0.008333
0 0.757812 0.654167 0.006250 0.008333
0 0.748437 0.654167 0.006250 0.008333
0 0.748437 0.683333 0.006250 0.008333
0 0.714063 0.666667 0.006250 0.008333
0 0.703125 0.654167 0.006250 0.008333
0 0.690625 0.658333 0.006250 0.008333
0 0.696875 0.691667 0.006250 0.008333
0 0.698438 0.716667 0.006250 0.008333
0 0.725000 0.750000 0.012500 0.016667
0 0.928125 0.766667 0.012500 0.016667
0 0.831250 0.766667 0.012500 0.016667
0 0.815625 0.802083 0.012500 0.016667
0 0.831250 0.814583 0.012500 0.016667
0 0.850000 0.818750 0.012500 0.016667
0 0.920312 0.852083 0.012500 0.016667
0 0.964063 0.837500 0.012500 0.016667
0 0.956250 0.841667 0.012500 0.016667
0 0.640625 0.670833 0.006250 0.008333
0 0.656250 0.741667 0.006250 0.008333
0 0.614062 0.660417 0.006250 0.008333
0 0.609375 0.650000 0.006250 0.008333
0 0.600000 0.645833 0.006250 0.008333
0 0.590625 0.635417 0.006250 0.008333
0 0.587500 0.643750 0.006250 0.008333
0 0.581250 0.658333 0.006250 0.008333
0 0.560937 0.631250 0.006250 0.008333
0 0.559375 0.650000 0.006250 0.008333
0 0.565625 0.660417 0.006250 0.008333
0 0.517188 0.635417 0.006250 0.008333
0 0.495312 0.633333 0.006250 0.008333
0 0.451562 0.633333 0.006250 0.008333
0 0.412500 0.641667 0.006250 0.008333
0 0.390625 0.635417 0.006250 0.008333
0 0.353125 0.650000 0.006250 0.008333
0 0.335938 0.639583 0.006250 0.008333
0 0.300000 0.656250 0.006250 0.008333
0 0.306250 0.670833 0.006250 0.008333
0 0.439063 0.650000 0.006250 0.008333
0 0.423438 0.664583 0.006250 0.008333
0 0.440625 0.666667 0.006250 0.008333
0 0.446875 0.679167 0.006250 0.008333
0 0.501563 0.650000 0.006250 0.008333
0 0.498437 0.650000 0.006250 0.008333
0 0.489063 0.652083 0.006250 0.008333
0 0.496875 0.660417 0.006250 0.008333
0 0.521875 0.660417 0.006250 0.008333
0 0.504687 0.668750 0.006250 0.008333
0 0.540625 0.668750 0.006250 0.008333
0 0.542188 0.679167 0.006250 0.008333
0 0.625000 0.708333 0.006250 0.008333
0 0.610938 0.708333 0.006250 0.008333
0 0.607812 0.697917 0.006250 0.008333
0 0.603125 0.693750 0.006250 0.008333
0 0.592187 0.695833 0.006250 0.008333
0 0.581250 0.693750 0.006250 0.008333
0 0.585938 0.733333 0.006250 0.008333
0 0.562500 0.710417 0.006250 0.008333
0 0.553125 0.700000 0.006250 0.008333
0 0.550000 0.700000 0.006250 0.008333
0 0.542188 0.697917 0.006250 0.008333
0 0.532813 0.693750 0.006250 0.008333
0 0.512500 0.677083 0.006250 0.008333
0 0.510938 0.687500 0.006250 0.008333
0 0.503125 0.687500 0.006250 0.008333
0 0.493750 0.687500 0.006250 0.008333
0 0.496875 0.697917 0.006250 0.008333
0 0.476562 0.687500 0.006250 0.008333
0 0.478125 0.693750 0.006250 0.008333
0 0.476562 0.704167 0.006250 0.008333
0 0.500000 0.714583 0.006250 0.008333
0 0.534375 0.708333 0.006250 0.008333
0 0.531250 0.708333 0.006250 0.008333
0 0.520312 0.722917 0.006250 0.008333
0 0.557813 0.737500 0.006250 0.008333
0 0.539062 0.752083 0.012500 0.016667
0 0.550000 0.781250 0.012500 0.016667
0 0.640625 0.825000 0.012500 0.016667
0 0.632812 0.802083 0.012500 0.016667
0 0.628125 0.804167 0.012500 0.016667
0 0.617188 0.810417 0.012500 0.016667
0 0.573438 0.829167 0.012500 0.016667
0 0.493750 0.789583 0.012500 0.016667
0 0.484375 0.781250 0.012500 0.016667
0 0.460938 0.733333 0.006250 0.008333
0 0.453125 0.725000 0.006250 0.008333
0 0.450000 0.716667 0.006250 0.008333
0 0.434375 0.704167 0.006250 0.008333
0 0.428125 0.708333 0.006250 0.008333
0 0.376563 0.697917 0.006250 0.008333
0 0.357812 0.710417 0.006250 0.008333
0 0.456250 0.760417 0.012500 0.016667
0 0.407813 0.764583 0.012500 0.016667
0 0.100000 0.706250 0.006250 0.008333
0 0.065625 0.722917 0.006250 0.008333