0 0.623437 0.706250 0.006250 0.008333
0 0.617188 0.706250 0.006250 0.008333
0 0.610938 0.708333 0.006250 0.008333
0 0.607812 0.695833 0.006250 0.008333
0 0.601562 0.700000 0.006250 0.008333
0 0.595313 0.697917 0.006250 0.008333
0 0.587500 0.691667 0.006250 0.008333
0 0.582812 0.697917 0.006250 0.008333
0 0.589063 0.643750 0.006250 0.008333
0 0.607812 0.652083 0.006250 0.008333
0 0.615625 0.660417 0.006250 0.008333
0 0.582812 0.654167 0.006250 0.008333
0 0.640625 0.668750 0.006250 0.008333
0 0.656250 0.679167 0.006250 0.008333
0 0.659375 0.700000 0.006250 0.008333
0 0.687500 0.658333 0.006250 0.008333
0 0.703125 0.650000 0.006250 0.008333
0 0.714063 0.664583 0.006250 0.008333
0 0.760938 0.654167 0.006250 0.008333
0 0.746875 0.654167 0.006250 0.008333
0 0.829688 0.677083 0.006250 0.008333
0 0.804688 0.685417 0.006250 0.008333
0 0.762500 0.704167 0.006250 0.008333
0 0.726562 0.747917 0.006250 0.008333
0 0.700000 0.716667 0.006250 0.008333
0 0.681250 0.754167 0.012500 0.016667
0 0.676562 0.745833 0.006250 0.008333
0 0.642188 0.770833 0.012500 0.016667
0 0.651563 0.743750 0.006250 0.008333
0 0.628125 0.731250 0.006250 0.008333
0 0.618750 0.739583 0.006250 0.008333
0 0.606250 0.722917 0.006250 0.008333
0 0.601562 0.735417 0.006250 0.008333
0 0.590625 0.741667 0.006250 0.008333
0 0.560937 0.716667 0.006250 0.008333
0 0.559375 0.735417 0.006250 0.008333
0 0.503125 0.647917 0.006250 0.008333
0 0.496875 0.650000 0.006250 0.008333
0 0.487500 0.650000 0.006250 0.008333
0 0.440625 0.650000 0.006250 0.008333
0 0.309375 0.670833 0.006250 0.008333
0 0.304688 0.668750 0.006250 0.008333
0 0.184375 0.710417 0.006250 0.008333
0 0.267188 0.750000 0.012500 0.016667
0 0.359375 0.706250 0.006250 0.008333
0 0.476562 0.689583 0.006250 0.008333
0 0.445312 0.679167 0.006250 0.008333
0 0.435937 0.706250 0.006250 0.008333
0 0.429688 0.708333 0.006250 0.008333
0 0.454688 0.716667 0.006250 0.008333
0 0.453125 0.722917 0.006250 0.008333
0 0.453125 0.756250 0.012500 0.016667
0 0.429688 0.741667 0.006250 0.008333
0 0.493750 0.743750 0.006250 0.008333
0 0.500000 0.770833 0.012500 0.016667
0 0.492188 0.785417 0.012500 0.016667
0 0.487500 0.777083 0.012500 0.016667
0 0.831250 0.766667 0.012500 0.016667
0 0.929688 0.768750 0.012500 0.016667
0 0.876563 0.812500 0.012500 0.016667
0 0.781250 0.852083 0.012500 0.016667
0 0.967187 0.839583 0.012500 0.016667
0 0.956250 0.841667 0.012500 0.016667
0 0.939063 0.831250 0.012500 0.016667
0 0.948438 0.852083 0.012500 0.016667
0 0.923438 0.852083 0.012500 0.016667
0 0.903125 0.891667 0.012500 0.016667
0 0.840625 0.918750 0.012500 0.016667
0 0.971875 0.939583 0.012500 0.016667