0 0.375000 0.635417 0.006250 0.008333
0 0.440625 0.647917 0.006250 0.008333
0 0.831250 0.675000 0.006250 0.008333
0 0.757812 0.656250 0.006250 0.008333
0 0.750000 0.652083 0.006250 0.008333
0 0.715625 0.668750 0.006250 0.008333
0 0.701562 0.647917 0.006250 0.008333
0 0.687500 0.658333 0.006250 0.008333
0 0.656250 0.679167 0.006250 0.008333
0 0.642188 0.670833 0.006250 0.008333
0 0.614062 0.660417 0.006250 0.008333
0 0.609375 0.652083 0.006250 0.008333
0 0.587500 0.645833 0.006250 0.008333
0 0.582812 0.656250 0.006250 0.008333
0 0.559375 0.650000 0.006250 0.008333
0 0.501563 0.647917 0.006250 0.008333
0 0.493750 0.650000 0.006250 0.008333
0 0.490625 0.654167 0.006250 0.008333
0 0.445312 0.677083 0.006250 0.008333
0 0.368750 0.702083 0.006250 0.008333
0 0.359375 0.708333 0.006250 0.008333
0 0.304688 0.670833 0.006250 0.008333
0 0.267188 0.750000 0.012500 0.016667
0 0.182812 0.708333 0.006250 0.008333
0 0.501563 0.668750 0.006250 0.008333
0 0.506250 0.675000 0.006250 0.008333
0 0.993750 0.712500 0.006250 0.008333
0 0.989062 0.772917 0.012500 0.016667
0 0.951562 0.766667 0.012500 0.016667
0 0.946875 0.762500 0.012500 0.016667
0 0.965625 0.837500 0.012500 0.016667
0 0.956250 0.841667 0.012500 0.016667
0 0.939063 0.833333 0.012500 0.016667
0 0.946875 0.852083 0.012500 0.016667
0 0.920312 0.852083 0.012500 0.016667
0 0.903125 0.891667 0.012500 0.016667
0 0.829688 0.768750 0.012500 0.016667
0 0.804688 0.687500 0.006250 0.008333
0 0.762500 0.704167 0.006250 0.008333
0 0.740625 0.737500 0.006250 0.008333
0 0.725000 0.747917 0.006250 0.008333
0 0.698438 0.718750 0.006250 0.008333
0 0.679688 0.745833 0.006250 0.008333
0 0.679688 0.756250 0.012500 0.016667
0 0.675000 0.756250 0.012500 0.016667
0 0.673438 0.764583 0.012500 0.016667
0 0.650000 0.743750 0.006250 0.008333
0 0.651563 0.772917 0.012500 0.016667
0 0.640625 0.768750 0.012500 0.016667
0 0.781250 0.850000 0.012500 0.016667
0 0.729688 0.843750 0.012500 0.016667
0 0.717187 0.812500 0.012500 0.016667
0 0.628125 0.687500 0.006250 0.008333
0 0.626563 0.700000 0.006250 0.008333
0 0.621875 0.708333 0.006250 0.008333
0 0.615625 0.704167 0.006250 0.008333
0 0.610938 0.708333 0.006250 0.008333
0 0.612500 0.702083 0.006250 0.008333
0 0.596875 0.691667 0.006250 0.008333
0 0.584375 0.697917 0.006250 0.008333
0 0.578125 0.695833 0.006250 0.008333
0 0.578125 0.716667 0.006250 0.008333
0 0.568750 0.741667 0.006250 0.008333
0 0.560937 0.716667 0.006250 0.008333
0 0.550000 0.700000 0.006250 0.008333
0 0.540625 0.697917 0.006250 0.008333
0 0.531250 0.697917 0.006250 0.008333
0 0.528125 0.710417 0.006250 0.008333
0 0.510938 0.687500 0.006250 0.008333
0 0.501563 0.687500 0.006250 0.008333
0 0.493750 0.695833 0.006250 0.008333
0 0.490625 0.687500 0.006250 0.008333
0 0.512500 0.720833 0.006250 0.008333
0 0.503125 0.708333 0.006250 0.008333
0 0.498437 0.714583 0.006250 0.008333
0 0.456250 0.710417 0.006250 0.008333
0 0.429688 0.737500 0.006250 0.008333
0 0.500000 0.745833 0.006250 0.008333
0 0.468750 0.750000 0.012500 0.016667
0 0.454688 0.758333 0.012500 0.016667
0 0.628125 0.733333 0.006250 0.008333
0 0.621875 0.727083 0.006250 0.008333
0 0.612500 0.739583 0.006250 0.008333
0 0.601562 0.741667 0.006250 0.008333
0 0.600000 0.756250 0.012500 0.016667
0 0.518750 0.777083 0.012500 0.016667
0 0.504687 0.781250 0.012500 0.016667
0 0.493750 0.772917 0.012500 0.016667
0 0.484375 0.777083 0.012500 0.016667
0 0.475000 0.775000 0.012500 0.016667