0 0.956250 0.841667 0.012500 0.016667
0 0.920312 0.854167 0.012500 0.016667
0 0.929688 0.766667 0.012500 0.016667
0 0.843750 0.814583 0.012500 0.016667
0 0.831250 0.768750 0.012500 0.016667
0 0.829688 0.679167 0.006250 0.008333
0 0.804688 0.687500 0.006250 0.008333
0 0.792188 0.639583 0.006250 0.008333
0 0.742188 0.633333 0.006250 0.008333
0 0.732812 0.633333 0.006250 0.008333
0 0.757812 0.656250 0.006250 0.008333
0 0.748437 0.652083 0.006250 0.008333
0 0.704688 0.647917 0.006250 0.008333
0 0.701562 0.650000 0.006250 0.008333
0 0.715625 0.664583 0.006250 0.008333
0 0.689063 0.660417 0.006250 0.008333
0 0.696875 0.693750 0.006250 0.008333
0 0.698438 0.716667 0.006250 0.008333
0 0.726562 0.747917 0.006250 0.008333
0 0.657813 0.737500 0.006250 0.008333
0 0.643750 0.827083 0.012500 0.016667
0 0.632812 0.806250 0.012500 0.016667
0 0.628125 0.800000 0.012500 0.016667
0 0.614062 0.810417 0.012500 0.016667
0 0.571875 0.833333 0.012500 0.016667
0 0.637500 0.643750 0.006250 0.008333
0 0.642188 0.670833 0.006250 0.008333
0 0.614062 0.662500 0.006250 0.008333
0 0.609375 0.652083 0.006250 0.008333
0 0.610938 0.633333 0.006250 0.008333
0 0.589063 0.643750 0.006250 0.008333
0 0.582812 0.656250 0.006250 0.008333
0 0.565625 0.662500 0.006250 0.008333
0 0.562500 0.652083 0.006250 0.008333
0 0.515625 0.635417 0.006250 0.008333
0 0.523438 0.660417 0.006250 0.008333
0 0.453125 0.635417 0.006250 0.008333
0 0.412500 0.641667 0.006250 0.008333
0 0.337500 0.639583 0.006250 0.008333
0 0.353125 0.650000 0.006250 0.008333
0 0.301563 0.656250 0.006250 0.008333
0 0.307812 0.668750 0.006250 0.008333
0 0.253125 0.660417 0.006250 0.008333
0 0.098437 0.708333 0.006250 0.008333
0 0.062500 0.725000 0.006250 0.008333
0 0.623437 0.706250 0.006250 0.008333
0 0.612500 0.710417 0.006250 0.008333
0 0.607812 0.700000 0.006250 0.008333
0 0.601562 0.693750 0.006250 0.008333
0 0.592187 0.697917 0.006250 0.008333
0 0.584375 0.697917 0.006250 0.008333
0 0.585938 0.733333 0.006250 0.008333
0 0.550000 0.781250 0.012500 0.016667
0 0.540625 0.752083 0.012500 0.016667
0 0.560937 0.714583 0.006250 0.008333
0 0.553125 0.702083 0.006250 0.008333
0 0.548438 0.702083 0.006250 0.008333
0 0.542188 0.693750 0.006250 0.008333
0 0.534375 0.693750 0.006250 0.008333
0 0.539062 0.672917 0.006250 0.008333
0 0.540625 0.681250 0.006250 0.008333
0 0.532813 0.706250 0.006250 0.008333
0 0.521875 0.722917 0.006250 0.008333
0 0.512500 0.718750 0.006250 0.008333
0 0.501563 0.650000 0.006250 0.008333
0 0.496875 0.650000 0.006250 0.008333
0 0.492188 0.652083 0.006250 0.008333
0 0.507812 0.666667 0.006250 0.008333
0 0.512500 0.677083 0.006250 0.008333
0 0.510938 0.687500 0.006250 0.008333
0 0.501563 0.683333 0.006250 0.008333
0 0.492188 0.685417 0.006250 0.008333
0 0.496875 0.693750 0.006250 0.008333
0 0.500000 0.714583 0.006250 0.008333
0 0.475000 0.666667 0.006250 0.008333
0 0.476562 0.687500 0.006250 0.008333
0 0.479687 0.693750 0.006250 0.008333
0 0.476562 0.704167 0.006250 0.008333
0 0.492188 0.785417 0.012500 0.016667
0 0.484375 0.781250 0.012500 0.016667
0 0.456250 0.758333 0.012500 0.016667
0 0.453125 0.720833 0.006250 0.008333
0 0.439063 0.650000 0.006250 0.008333
0 0.440625 0.664583 0.006250 0.008333
0 0.445312 0.677083 0.006250 0.008333
0 0.423438 0.664583 0.006250 0.008333
0 0.437500 0.706250 0.006250 0.008333
0 0.403125 0.714583 0.006250 0.008333
0 0.390625 0.720833 0.006250 0.008333
0 0.385937 0.725000 0.006250 0.008333
0 0.378125 0.725000 0.006250 0.008333
0 0.357812 0.706250 0.006250 0.008333
0 0.346875 0.720833 0.006250 0.008333
0 0.309375 0.718750 0.006250 0.008333