0 0.982812 0.702083 0.006250 0.008333
0 0.932813 0.647917 0.006250 0.008333
0 0.920312 0.681250 0.006250 0.008333
0 0.926562 0.768750 0.012500 0.016667
0 0.965625 0.839583 0.012500 0.016667
0 0.957812 0.841667 0.012500 0.016667
0 0.920312 0.854167 0.012500 0.016667
0 0.829688 0.766667 0.012500 0.016667
0 0.815625 0.806250 0.012500 0.016667
0 0.803125 0.685417 0.006250 0.008333
0 0.792188 0.641667 0.006250 0.008333
0 0.745313 0.635417 0.006250 0.008333
0 0.732812 0.633333 0.006250 0.008333
0 0.746875 0.654167 0.006250 0.008333
0 0.703125 0.650000 0.006250 0.008333
0 0.715625 0.666667 0.006250 0.008333
0 0.714063 0.672917 0.006250 0.008333
0 0.695312 0.693750 0.006250 0.008333
0 0.701562 0.704167 0.006250 0.008333
0 0.696875 0.718750 0.006250 0.008333
0 0.725000 0.747917 0.006250 0.008333
0 0.656250 0.739583 0.006250 0.008333
0 0.631250 0.820833 0.012500 0.016667
0 0.632812 0.806250 0.012500 0.016667
0 0.628125 0.802083 0.012500 0.016667
0 0.615625 0.808333 0.012500 0.016667
0 0.642188 0.670833 0.006250 0.008333
0 0.635938 0.641667 0.006250 0.008333
0 0.614062 0.660417 0.006250 0.008333
0 0.607812 0.654167 0.006250 0.008333
0 0.582812 0.658333 0.006250 0.008333
0 0.567187 0.662500 0.006250 0.008333
0 0.560937 0.647917 0.006250 0.008333
0 0.621875 0.706250 0.006250 0.008333
0 0.614062 0.697917 0.006250 0.008333
0 0.612500 0.691667 0.006250 0.008333
0 0.606250 0.697917 0.006250 0.008333
0 0.610938 0.708333 0.006250 0.008333
0 0.596875 0.695833 0.006250 0.008333
0 0.585938 0.733333 0.006250 0.008333
0 0.550000 0.781250 0.012500 0.016667
0 0.540625 0.752083 0.012500 0.016667
0 0.556250 0.695833 0.006250 0.008333
0 0.554688 0.708333 0.006250 0.008333
0 0.550000 0.704167 0.006250 0.008333
0 0.550000 0.710417 0.006250 0.008333
0 0.542188 0.708333 0.006250 0.008333
0 0.534375 0.706250 0.006250 0.008333
0 0.534375 0.693750 0.006250 0.008333
0 0.539062 0.670833 0.006250 0.008333
0 0.531250 0.660417 0.006250 0.008333
0 0.517188 0.635417 0.006250 0.008333
0 0.521875 0.662500 0.006250 0.008333
0 0.521875 0.720833 0.006250 0.008333
0 0.501563 0.645833 0.006250 0.008333
0 0.496875 0.652083 0.006250 0.008333
0 0.490625 0.650000 0.006250 0.008333
0 0.506250 0.666667 0.006250 0.008333
0 0.512500 0.675000 0.006250 0.008333
0 0.510938 0.687500 0.006250 0.008333
0 0.490625 0.687500 0.006250 0.008333
0 0.501563 0.706250 0.006250 0.008333
0 0.496875 0.718750 0.006250 0.008333
0 0.475000 0.714583 0.006250 0.008333
0 0.473438 0.662500 0.006250 0.008333
0 0.476562 0.687500 0.006250 0.008333
0 0.476562 0.691667 0.006250 0.008333
0 0.451562 0.635417 0.006250 0.008333
0 0.412500 0.639583 0.006250 0.008333
0 0.337500 0.639583 0.006250 0.008333
0 0.351562 0.647917 0.006250 0.008333
0 0.307812 0.670833 0.006250 0.008333
0 0.253125 0.662500 0.006250 0.008333
0 0.445312 0.681250 0.006250 0.008333
0 0.440625 0.666667 0.006250 0.008333
0 0.432812 0.664583 0.006250 0.008333
0 0.421875 0.664583 0.006250 0.008333
0 0.435937 0.704167 0.006250 0.008333
0 0.484375 0.779167 0.012500 0.016667
0 0.454688 0.758333 0.012500 0.016667
0 0.403125 0.714583 0.006250 0.008333
0 0.389062 0.720833 0.006250 0.008333
0 0.379688 0.729167 0.006250 0.008333
0 0.345313 0.718750 0.006250 0.008333
0 0.309375 0.718750 0.006250 0.008333
0 0.100000 0.706250 0.006250 0.008333
0 0.062500 0.725000 0.006250 0.008333