0 0.976562 0.772917 0.012500 0.016667
0 0.945312 0.764583 0.012500 0.016667
0 0.965625 0.839583 0.012500 0.016667
0 0.956250 0.841667 0.012500 0.016667
0 0.937500 0.829167 0.012500 0.016667
0 0.946875 0.852083 0.012500 0.016667
0 0.921875 0.854167 0.012500 0.016667
0 0.901563 0.893750 0.012500 0.016667
0 0.831250 0.768750 0.012500 0.016667
0 0.831250 0.675000 0.006250 0.008333
0 0.806250 0.685417 0.006250 0.008333
0 0.757812 0.654167 0.006250 0.008333
0 0.746875 0.650000 0.006250 0.008333
0 0.760938 0.704167 0.006250 0.008333
0 0.703125 0.654167 0.006250 0.008333
0 0.714063 0.666667 0.006250 0.008333
0 0.689063 0.658333 0.006250 0.008333
0 0.740625 0.741667 0.006250 0.008333
0 0.728125 0.747917 0.006250 0.008333
0 0.695312 0.718750 0.006250 0.008333
0 0.781250 0.847917 0.012500 0.016667
0 0.723437 0.839583 0.012500 0.016667
0 0.700000 0.810417 0.012500 0.016667
0 0.656250 0.681250 0.006250 0.008333
0 0.643750 0.672917 0.006250 0.008333
0 0.607812 0.652083 0.006250 0.008333
0 0.612500 0.660417 0.006250 0.008333
0 0.587500 0.643750 0.006250 0.008333
0 0.582812 0.658333 0.006250 0.008333
0 0.557813 0.650000 0.006250 0.008333
0 0.501563 0.647917 0.006250 0.008333
0 0.498437 0.647917 0.006250 0.008333
0 0.490625 0.650000 0.006250 0.008333
0 0.440625 0.650000 0.006250 0.008333
0 0.375000 0.635417 0.006250 0.008333
0 0.306250 0.668750 0.006250 0.008333
0 0.182812 0.708333 0.006250 0.008333
0 0.267188 0.752083 0.012500 0.016667
0 0.368750 0.704167 0.006250 0.008333
0 0.357812 0.706250 0.006250 0.008333
0 0.445312 0.679167 0.006250 0.008333
0 0.459375 0.710417 0.006250 0.008333
0 0.431250 0.739583 0.006250 0.008333
0 0.512500 0.672917 0.006250 0.008333
0 0.628125 0.687500 0.006250 0.008333
0 0.628125 0.697917 0.006250 0.008333
0 0.621875 0.704167 0.006250 0.008333
0 0.617188 0.706250 0.006250 0.008333
0 0.612500 0.708333 0.006250 0.008333
0 0.610938 0.702083 0.006250 0.008333
0 0.596875 0.689583 0.006250 0.008333
0 0.584375 0.693750 0.006250 0.008333
0 0.578125 0.693750 0.006250 0.008333
0 0.578125 0.716667 0.006250 0.008333
0 0.567187 0.739583 0.006250 0.008333
0 0.560937 0.714583 0.006250 0.008333
0 0.550000 0.702083 0.006250 0.008333
0 0.540625 0.697917 0.006250 0.008333
0 0.532813 0.693750 0.006250 0.008333
0 0.531250 0.710417 0.006250 0.008333
0 0.510938 0.689583 0.006250 0.008333
0 0.503125 0.689583 0.006250 0.008333
0 0.496875 0.697917 0.006250 0.008333
0 0.490625 0.685417 0.006250 0.008333
0 0.504687 0.704167 0.006250 0.008333
0 0.510938 0.716667 0.006250 0.008333
0 0.498437 0.714583 0.006250 0.008333
0 0.500000 0.745833 0.006250 0.008333
0 0.468750 0.747917 0.006250 0.008333
0 0.456250 0.758333 0.012500 0.016667
0 0.621875 0.727083 0.006250 0.008333
0 0.628125 0.733333 0.006250 0.008333
0 0.650000 0.745833 0.006250 0.008333
0 0.678125 0.745833 0.006250 0.008333
0 0.682813 0.756250 0.012500 0.016667
0 0.675000 0.754167 0.012500 0.016667
0 0.665625 0.766667 0.012500 0.016667
0 0.651563 0.770833 0.012500 0.016667
0 0.642188 0.768750 0.012500 0.016667
0 0.610938 0.737500 0.006250 0.008333
0 0.600000 0.737500 0.006250 0.008333
0 0.600000 0.756250 0.012500 0.016667
0 0.518750 0.779167 0.012500 0.016667
0 0.507812 0.785417 0.012500 0.016667
0 0.496875 0.775000 0.012500 0.016667
0 0.484375 0.777083 0.012500 0.016667
0 0.476562 0.775000 0.012500 0.016667