0 0.967187 0.837500 0.012500 0.016667
0 0.957812 0.841667 0.012500 0.016667
0 0.918750 0.852083 0.012500 0.016667
0 0.868750 0.829167 0.012500 0.016667
0 0.831250 0.820833 0.012500 0.016667
0 0.817187 0.820833 0.012500 0.016667
0 0.829688 0.766667 0.012500 0.016667
0 0.926562 0.764583 0.012500 0.016667
0 0.829688 0.677083 0.006250 0.008333
0 0.803125 0.687500 0.006250 0.008333
0 0.759375 0.656250 0.006250 0.008333
0 0.748437 0.652083 0.006250 0.008333
0 0.782813 0.697917 0.006250 0.008333
0 0.714063 0.664583 0.006250 0.008333
0 0.703125 0.647917 0.006250 0.008333
0 0.687500 0.656250 0.006250 0.008333
0 0.698438 0.693750 0.006250 0.008333
0 0.698438 0.718750 0.006250 0.008333
0 0.725000 0.747917 0.006250 0.008333
0 0.657813 0.737500 0.006250 0.008333
0 0.643750 0.825000 0.012500 0.016667
0 0.634375 0.806250 0.012500 0.016667
0 0.628125 0.802083 0.012500 0.016667
0 0.615625 0.804167 0.012500 0.016667
0 0.573438 0.831250 0.012500 0.016667
0 0.592187 0.629167 0.006250 0.008333
0 0.564063 0.631250 0.006250 0.008333
0 0.517188 0.635417 0.006250 0.008333
0 0.493750 0.635417 0.006250 0.008333
0 0.450000 0.633333 0.006250 0.008333
0 0.389062 0.633333 0.006250 0.008333
0 0.335938 0.639583 0.006250 0.008333
0 0.609375 0.650000 0.006250 0.008333
0 0.612500 0.660417 0.006250 0.008333
0 0.640625 0.670833 0.006250 0.008333
0 0.593750 0.652083 0.006250 0.008333
0 0.585938 0.641667 0.006250 0.008333
0 0.582812 0.656250 0.006250 0.008333
0 0.565625 0.658333 0.006250 0.008333
0 0.562500 0.650000 0.006250 0.008333
0 0.521875 0.664583 0.006250 0.008333
0 0.503125 0.645833 0.006250 0.008333
0 0.495312 0.654167 0.006250 0.008333
0 0.490625 0.650000 0.006250 0.008333
0 0.495312 0.662500 0.006250 0.008333
0 0.507812 0.666667 0.006250 0.008333
0 0.440625 0.650000 0.006250 0.008333
0 0.412500 0.639583 0.006250 0.008333
0 0.423438 0.662500 0.006250 0.008333
0 0.440625 0.664583 0.006250 0.008333
0 0.445312 0.675000 0.006250 0.008333
0 0.350000 0.650000 0.006250 0.008333
0 0.301563 0.656250 0.006250 0.008333
0 0.307812 0.668750 0.006250 0.008333
0 0.109375 0.708333 0.006250 0.008333
0 0.062500 0.722917 0.006250 0.008333
0 0.540625 0.670833 0.006250 0.008333
0 0.543750 0.677083 0.006250 0.008333
0 0.512500 0.675000 0.006250 0.008333
0 0.510938 0.687500 0.006250 0.008333
0 0.503125 0.681250 0.006250 0.008333
0 0.490625 0.685417 0.006250 0.008333
0 0.495312 0.695833 0.006250 0.008333
0 0.476562 0.687500 0.006250 0.008333
0 0.478125 0.691667 0.006250 0.008333
0 0.476562 0.702083 0.006250 0.008333
0 0.435937 0.702083 0.006250 0.008333
0 0.426563 0.706250 0.006250 0.008333
0 0.378125 0.697917 0.006250 0.008333
0 0.357812 0.706250 0.006250 0.008333
0 0.392188 0.766667 0.012500 0.016667
0 0.500000 0.706250 0.006250 0.008333
0 0.496875 0.714583 0.006250 0.008333
0 0.473438 0.718750 0.006250 0.008333
0 0.453125 0.722917 0.006250 0.008333
0 0.451562 0.735417 0.006250 0.008333
0 0.456250 0.758333 0.012500 0.016667
0 0.492188 0.783333 0.012500 0.016667
0 0.482812 0.779167 0.012500 0.016667
0 0.534375 0.691667 0.006250 0.008333
0 0.543750 0.697917 0.006250 0.008333
0 0.550000 0.700000 0.006250 0.008333
0 0.553125 0.700000 0.006250 0.008333
0 0.560937 0.714583 0.006250 0.008333
0 0.534375 0.704167 0.006250 0.008333
0 0.529687 0.710417 0.006250 0.008333
0 0.521875 0.722917 0.006250 0.008333
0 0.621875 0.704167 0.006250 0.008333
0 0.610938 0.708333 0.006250 0.008333
0 0.606250 0.697917 0.006250 0.008333
0 0.603125 0.693750 0.006250 0.008333
0 0.590625 0.697917 0.006250 0.008333
0 0.582812 0.697917 0.006250 0.008333
0 0.585938 0.731250 0.006250 0.008333
0 0.557813 0.739583 0.006250 0.008333
0 0.539062 0.750000 0.012500 0.016667
0 0.551562 0.779167 0.012500 0.016667