0 0.964063 0.837500 0.012500 0.016667
0 0.957812 0.843750 0.012500 0.016667
0 0.920312 0.854167 0.012500 0.016667
0 0.925000 0.766667 0.012500 0.016667
0 0.829688 0.679167 0.006250 0.008333
0 0.792188 0.641667 0.006250 0.008333
0 0.803125 0.687500 0.006250 0.008333
0 0.829688 0.768750 0.012500 0.016667
0 0.842187 0.814583 0.012500 0.016667
0 0.726562 0.747917 0.006250 0.008333
0 0.757812 0.654167 0.006250 0.008333
0 0.746875 0.650000 0.006250 0.008333
0 0.742188 0.631250 0.006250 0.008333
0 0.731250 0.633333 0.006250 0.008333
0 0.704688 0.647917 0.006250 0.008333
0 0.701562 0.652083 0.006250 0.008333
0 0.714063 0.664583 0.006250 0.008333
0 0.689063 0.658333 0.006250 0.008333
0 0.696875 0.691667 0.006250 0.008333
0 0.698438 0.718750 0.006250 0.008333
0 0.635938 0.641667 0.006250 0.008333
0 0.610938 0.633333 0.006250 0.008333
0 0.642188 0.670833 0.006250 0.008333
0 0.657813 0.741667 0.006250 0.008333
0 0.642188 0.825000 0.012500 0.016667
0 0.632812 0.804167 0.012500 0.016667
0 0.628125 0.804167 0.012500 0.016667
0 0.615625 0.808333 0.012500 0.016667
0 0.573438 0.829167 0.012500 0.016667
0 0.623437 0.706250 0.006250 0.008333
0 0.615625 0.658333 0.006250 0.008333
0 0.609375 0.650000 0.006250 0.008333
0 0.587500 0.643750 0.006250 0.008333
0 0.581250 0.656250 0.006250 0.008333
0 0.567187 0.660417 0.006250 0.008333
0 0.559375 0.650000 0.006250 0.008333
0 0.612500 0.708333 0.006250 0.008333
0 0.607812 0.697917 0.006250 0.008333
0 0.603125 0.693750 0.006250 0.008333
0 0.590625 0.697917 0.006250 0.008333
0 0.582812 0.697917 0.006250 0.008333
0 0.585938 0.733333 0.006250 0.008333
0 0.550000 0.779167 0.012500 0.016667
0 0.539062 0.752083 0.012500 0.016667
0 0.560937 0.714583 0.006250 0.008333
0 0.553125 0.702083 0.006250 0.008333
0 0.550000 0.702083 0.006250 0.008333
0 0.539062 0.670833 0.006250 0.008333
0 0.543750 0.679167 0.006250 0.008333
0 0.542188 0.697917 0.006250 0.008333
0 0.534375 0.693750 0.006250 0.008333
0 0.535937 0.706250 0.006250 0.008333
0 0.529687 0.708333 0.006250 0.008333
0 0.520312 0.722917 0.006250 0.008333
0 0.512500 0.720833 0.006250 0.008333
0 0.518750 0.635417 0.006250 0.008333
0 0.521875 0.660417 0.006250 0.008333
0 0.501563 0.647917 0.006250 0.008333
0 0.496875 0.650000 0.006250 0.008333
0 0.490625 0.652083 0.006250 0.008333
0 0.507812 0.666667 0.006250 0.008333
0 0.514062 0.675000 0.006250 0.008333
0 0.512500 0.687500 0.006250 0.008333
0 0.501563 0.683333 0.006250 0.008333
0 0.492188 0.685417 0.006250 0.008333
0 0.496875 0.695833 0.006250 0.008333
0 0.496875 0.716667 0.006250 0.008333
0 0.473438 0.664583 0.006250 0.008333
0 0.476562 0.687500 0.006250 0.008333
0 0.478125 0.693750 0.006250 0.008333
0 0.476562 0.704167 0.006250 0.008333
0 0.493750 0.785417 0.012500 0.016667
0 0.484375 0.779167 0.012500 0.016667
0 0.456250 0.758333 0.012500 0.016667
0 0.453125 0.722917 0.006250 0.008333
0 0.437500 0.704167 0.006250 0.008333
0 0.445312 0.679167 0.006250 0.008333
0 0.451562 0.633333 0.006250 0.008333
0 0.439063 0.650000 0.006250 0.008333
0 0.440625 0.666667 0.006250 0.008333
0 0.421875 0.664583 0.006250 0.008333
0 0.414062 0.641667 0.006250 0.008333
0 0.404687 0.714583 0.006250 0.008333
0 0.395313 0.718750 0.006250 0.008333
0 0.357812 0.708333 0.006250 0.008333
0 0.312500 0.718750 0.006250 0.008333
0 0.306250 0.670833 0.006250 0.008333
0 0.300000 0.658333 0.006250 0.008333
0 0.253125 0.660417 0.006250 0.008333
0 0.101562 0.706250 0.006250 0.008333
0 0.062500 0.725000 0.006250 0.008333