0 0.953125 0.787500 0.012500 0.016667
0 0.926562 0.766667 0.012500 0.016667
0 0.965625 0.839583 0.012500 0.016667
0 0.956250 0.839583 0.012500 0.016667
0 0.937500 0.829167 0.012500 0.016667
0 0.945312 0.850000 0.012500 0.016667
0 0.921875 0.854167 0.012500 0.016667
0 0.903125 0.893750 0.012500 0.016667
0 0.831250 0.766667 0.012500 0.016667
0 0.781250 0.847917 0.012500 0.016667
0 0.829688 0.675000 0.006250 0.008333
0 0.804688 0.683333 0.006250 0.008333
0 0.757812 0.654167 0.006250 0.008333
0 0.748437 0.654167 0.006250 0.008333
0 0.762500 0.706250 0.006250 0.008333
0 0.714063 0.664583 0.006250 0.008333
0 0.703125 0.654167 0.006250 0.008333
0 0.689063 0.660417 0.006250 0.008333
0 0.732812 0.737500 0.006250 0.008333
0 0.725000 0.750000 0.012500 0.016667
0 0.698438 0.718750 0.006250 0.008333
0 0.673438 0.735417 0.006250 0.008333
0 0.678125 0.743750 0.006250 0.008333
0 0.679688 0.754167 0.012500 0.016667
0 0.675000 0.754167 0.012500 0.016667
0 0.651563 0.741667 0.006250 0.008333
0 0.656250 0.681250 0.006250 0.008333
0 0.642188 0.672917 0.006250 0.008333
0 0.614062 0.660417 0.006250 0.008333
0 0.610938 0.650000 0.006250 0.008333
0 0.587500 0.643750 0.006250 0.008333
0 0.584375 0.658333 0.006250 0.008333
0 0.559375 0.645833 0.006250 0.008333
0 0.500000 0.647917 0.006250 0.008333
0 0.496875 0.654167 0.006250 0.008333
0 0.489063 0.652083 0.006250 0.008333
0 0.439063 0.650000 0.006250 0.008333
0 0.445312 0.677083 0.006250 0.008333
0 0.306250 0.670833 0.006250 0.008333
0 0.357812 0.706250 0.006250 0.008333
0 0.268750 0.752083 0.012500 0.016667
0 0.184375 0.706250 0.006250 0.008333
0 0.403125 0.718750 0.006250 0.008333
0 0.457813 0.710417 0.006250 0.008333
0 0.432812 0.739583 0.006250 0.008333
0 0.509375 0.670833 0.006250 0.008333
0 0.490625 0.687500 0.006250 0.008333
0 0.510938 0.689583 0.006250 0.008333
0 0.501563 0.691667 0.006250 0.008333
0 0.495312 0.697917 0.006250 0.008333
0 0.629687 0.687500 0.006250 0.008333
0 0.626563 0.697917 0.006250 0.008333
0 0.621875 0.704167 0.006250 0.008333
0 0.615625 0.704167 0.006250 0.008333
0 0.612500 0.706250 0.006250 0.008333
0 0.610938 0.704167 0.006250 0.008333
0 0.596875 0.689583 0.006250 0.008333
0 0.582812 0.695833 0.006250 0.008333
0 0.579688 0.693750 0.006250 0.008333
0 0.546875 0.697917 0.006250 0.008333
0 0.539062 0.697917 0.006250 0.008333
0 0.534375 0.695833 0.006250 0.008333
0 0.531250 0.710417 0.006250 0.008333
0 0.510938 0.716667 0.006250 0.008333
0 0.500000 0.708333 0.006250 0.008333
0 0.495312 0.714583 0.006250 0.008333
0 0.578125 0.716667 0.006250 0.008333
0 0.562500 0.716667 0.006250 0.008333
0 0.621875 0.727083 0.006250 0.008333
0 0.628125 0.735417 0.006250 0.008333
0 0.610938 0.741667 0.006250 0.008333
0 0.600000 0.741667 0.006250 0.008333
0 0.570312 0.737500 0.006250 0.008333
0 0.562500 0.754167 0.012500 0.016667
0 0.557813 0.762500 0.012500 0.016667
0 0.554688 0.750000 0.012500 0.016667
0 0.500000 0.745833 0.006250 0.008333
0 0.503125 0.750000 0.012500 0.016667
0 0.498437 0.768750 0.012500 0.016667
0 0.506250 0.781250 0.012500 0.016667
0 0.484375 0.777083 0.012500 0.016667
0 0.476562 0.750000 0.012500 0.016667
0 0.481250 0.756250 0.012500 0.016667
0 0.456250 0.760417 0.012500 0.016667
0 0.651563 0.772917 0.012500 0.016667
0 0.640625 0.768750 0.012500 0.016667
0 0.639062 0.779167 0.012500 0.016667