0 0.062500 0.727083 0.006250 0.008333
0 0.965625 0.837500 0.012500 0.016667
0 0.960938 0.841667 0.012500 0.016667
0 0.918750 0.854167 0.012500 0.016667
0 0.926562 0.764583 0.012500 0.016667
0 0.842187 0.812500 0.012500 0.016667
0 0.831250 0.768750 0.012500 0.016667
0 0.829688 0.677083 0.006250 0.008333
0 0.792188 0.641667 0.006250 0.008333
0 0.803125 0.687500 0.006250 0.008333
0 0.756250 0.654167 0.006250 0.008333
0 0.748437 0.652083 0.006250 0.008333
0 0.743750 0.633333 0.006250 0.008333
0 0.732812 0.633333 0.006250 0.008333
0 0.703125 0.645833 0.006250 0.008333
0 0.701562 0.654167 0.006250 0.008333
0 0.687500 0.660417 0.006250 0.008333
0 0.714063 0.666667 0.006250 0.008333
0 0.695312 0.697917 0.006250 0.008333
0 0.696875 0.716667 0.006250 0.008333
0 0.725000 0.747917 0.006250 0.008333
0 0.657813 0.737500 0.006250 0.008333
0 0.642188 0.829167 0.012500 0.016667
0 0.632812 0.804167 0.012500 0.016667
0 0.626563 0.804167 0.012500 0.016667
0 0.614062 0.810417 0.012500 0.016667
0 0.575000 0.831250 0.012500 0.016667
0 0.639062 0.641667 0.006250 0.008333
0 0.640625 0.670833 0.006250 0.008333
0 0.610938 0.633333 0.006250 0.008333
0 0.609375 0.652083 0.006250 0.008333
0 0.614062 0.662500 0.006250 0.008333
0 0.621875 0.706250 0.006250 0.008333
0 0.610938 0.710417 0.006250 0.008333
0 0.607812 0.700000 0.006250 0.008333
0 0.603125 0.693750 0.006250 0.008333
0 0.593750 0.697917 0.006250 0.008333
0 0.582812 0.697917 0.006250 0.008333
0 0.585938 0.735417 0.006250 0.008333
0 0.551562 0.779167 0.012500 0.016667
0 0.540625 0.754167 0.012500 0.016667
0 0.492188 0.785417 0.012500 0.016667
0 0.485938 0.781250 0.012500 0.016667
0 0.454688 0.760417 0.012500 0.016667
0 0.560937 0.714583 0.006250 0.008333
0 0.587500 0.645833 0.006250 0.008333
0 0.582812 0.656250 0.006250 0.008333
0 0.565625 0.662500 0.006250 0.008333
0 0.560937 0.652083 0.006250 0.008333
0 0.518750 0.635417 0.006250 0.008333
0 0.521875 0.662500 0.006250 0.008333
0 0.540625 0.670833 0.006250 0.008333
0 0.542188 0.679167 0.006250 0.008333
0 0.553125 0.702083 0.006250 0.008333
0 0.550000 0.700000 0.006250 0.008333
0 0.542188 0.695833 0.006250 0.008333
0 0.534375 0.697917 0.006250 0.008333
0 0.534375 0.708333 0.006250 0.008333
0 0.529687 0.710417 0.006250 0.008333
0 0.520312 0.725000 0.006250 0.008333
0 0.512500 0.716667 0.006250 0.008333
0 0.500000 0.650000 0.006250 0.008333
0 0.496875 0.654167 0.006250 0.008333
0 0.492188 0.650000 0.006250 0.008333
0 0.507812 0.666667 0.006250 0.008333
0 0.512500 0.677083 0.006250 0.008333
0 0.512500 0.687500 0.006250 0.008333
0 0.504687 0.685417 0.006250 0.008333
0 0.492188 0.685417 0.006250 0.008333
0 0.495312 0.693750 0.006250 0.008333
0 0.498437 0.714583 0.006250 0.008333
0 0.475000 0.664583 0.006250 0.008333
0 0.476562 0.685417 0.006250 0.008333
0 0.478125 0.693750 0.006250 0.008333
0 0.475000 0.704167 0.006250 0.008333
0 0.450000 0.633333 0.006250 0.008333
0 0.440625 0.652083 0.006250 0.008333
0 0.440625 0.664583 0.006250 0.008333
0 0.443750 0.679167 0.006250 0.008333
0 0.435937 0.706250 0.006250 0.008333
0 0.453125 0.722917 0.006250 0.008333
0 0.412500 0.641667 0.006250 0.008333
0 0.423438 0.664583 0.006250 0.008333
0 0.403125 0.712500 0.006250 0.008333
0 0.390625 0.718750 0.006250 0.008333
0 0.384375 0.725000 0.006250 0.008333
0 0.376563 0.727083 0.006250 0.008333
0 0.350000 0.652083 0.006250 0.008333
0 0.359375 0.708333 0.006250 0.008333
0 0.343750 0.720833 0.006250 0.008333
0 0.335938 0.641667 0.006250 0.008333
0 0.300000 0.656250 0.006250 0.008333
0 0.307812 0.670833 0.006250 0.008333
0 0.310937 0.718750 0.006250 0.008333
0 0.253125 0.660417 0.006250 0.008333