0 0.985938 0.862500 0.012500 0.016667
0 0.964063 0.839583 0.012500 0.016667
0 0.920312 0.854167 0.012500 0.016667
0 0.968750 0.779167 0.012500 0.016667
0 0.959375 0.777083 0.012500 0.016667
0 0.981250 0.702083 0.006250 0.008333
0 0.932813 0.645833 0.006250 0.008333
0 0.912500 0.720833 0.006250 0.008333
0 0.893750 0.716667 0.006250 0.008333
0 0.815625 0.802083 0.012500 0.016667
0 0.820312 0.689583 0.006250 0.008333
0 0.801562 0.687500 0.006250 0.008333
0 0.792188 0.641667 0.006250 0.008333
0 0.742188 0.635417 0.006250 0.008333
0 0.731250 0.635417 0.006250 0.008333
0 0.746875 0.652083 0.006250 0.008333
0 0.725000 0.747917 0.006250 0.008333
0 0.714063 0.675000 0.006250 0.008333
0 0.698438 0.718750 0.006250 0.008333
0 0.703125 0.702083 0.006250 0.008333
0 0.695312 0.691667 0.006250 0.008333
0 0.657813 0.739583 0.006250 0.008333
0 0.632812 0.820833 0.012500 0.016667
0 0.635938 0.804167 0.012500 0.016667
0 0.628125 0.804167 0.012500 0.016667
0 0.614062 0.808333 0.012500 0.016667
0 0.651563 0.702083 0.006250 0.008333
0 0.643750 0.660417 0.006250 0.008333
0 0.609375 0.660417 0.006250 0.008333
0 0.609375 0.652083 0.006250 0.008333
0 0.621875 0.708333 0.006250 0.008333
0 0.617188 0.700000 0.006250 0.008333
0 0.612500 0.708333 0.006250 0.008333
0 0.596875 0.697917 0.006250 0.008333
0 0.578125 0.735417 0.006250 0.008333
0 0.539062 0.750000 0.012500 0.016667
0 0.562500 0.710417 0.006250 0.008333
0 0.546875 0.706250 0.006250 0.008333
0 0.532813 0.706250 0.006250 0.008333
0 0.529687 0.708333 0.006250 0.008333
0 0.520312 0.720833 0.006250 0.008333
0 0.537500 0.695833 0.006250 0.008333
0 0.582812 0.654167 0.006250 0.008333
0 0.560937 0.650000 0.006250 0.008333
0 0.551562 0.666667 0.006250 0.008333
0 0.540625 0.670833 0.006250 0.008333
0 0.528125 0.660417 0.006250 0.008333
0 0.518750 0.635417 0.006250 0.008333
0 0.500000 0.650000 0.006250 0.008333
0 0.496875 0.650000 0.006250 0.008333
0 0.489063 0.652083 0.006250 0.008333
0 0.506250 0.664583 0.006250 0.008333
0 0.512500 0.687500 0.006250 0.008333
0 0.492188 0.685417 0.006250 0.008333
0 0.487500 0.672917 0.006250 0.008333
0 0.473438 0.664583 0.006250 0.008333
0 0.473438 0.687500 0.006250 0.008333
0 0.475000 0.691667 0.006250 0.008333
0 0.500000 0.714583 0.006250 0.008333
0 0.484375 0.781250 0.012500 0.016667
0 0.454688 0.760417 0.012500 0.016667
0 0.435937 0.706250 0.006250 0.008333
0 0.450000 0.681250 0.006250 0.008333
0 0.460938 0.681250 0.006250 0.008333
0 0.451562 0.635417 0.006250 0.008333
0 0.440625 0.666667 0.006250 0.008333
0 0.434375 0.664583 0.006250 0.008333
0 0.423438 0.662500 0.006250 0.008333
0 0.412500 0.641667 0.006250 0.008333
0 0.398438 0.679167 0.006250 0.008333
0 0.403125 0.714583 0.006250 0.008333
0 0.389062 0.720833 0.006250 0.008333
0 0.379688 0.725000 0.006250 0.008333
0 0.359375 0.677083 0.006250 0.008333
0 0.345313 0.720833 0.006250 0.008333
0 0.309375 0.718750 0.006250 0.008333
0 0.306250 0.754167 0.012500 0.016667
0 0.304688 0.670833 0.006250 0.008333
0 0.335938 0.641667 0.006250 0.008333
0 0.251563 0.662500 0.006250 0.008333
0 0.248438 0.747917 0.006250 0.008333
0 0.235937 0.752083 0.012500 0.016667
0 0.100000 0.706250 0.006250 0.008333
0 0.064062 0.722917 0.006250 0.008333