0 0.926562 0.766667 0.012500 0.016667
0 0.962500 0.800000 0.012500 0.016667
0 0.964063 0.839583 0.012500 0.016667
0 0.956250 0.839583 0.012500 0.016667
0 0.946875 0.852083 0.012500 0.016667
0 0.935937 0.829167 0.012500 0.016667
0 0.923438 0.852083 0.012500 0.016667
0 0.904687 0.889583 0.012500 0.016667
0 0.831250 0.768750 0.012500 0.016667
0 0.829688 0.675000 0.006250 0.008333
0 0.804688 0.685417 0.006250 0.008333
0 0.781250 0.850000 0.012500 0.016667
0 0.762500 0.702083 0.006250 0.008333
0 0.759375 0.654167 0.006250 0.008333
0 0.748437 0.654167 0.006250 0.008333
0 0.714063 0.666667 0.006250 0.008333
0 0.701562 0.654167 0.006250 0.008333
0 0.685937 0.658333 0.006250 0.008333
0 0.696875 0.716667 0.006250 0.008333
0 0.721875 0.729167 0.006250 0.008333
0 0.726562 0.747917 0.006250 0.008333
0 0.678125 0.741667 0.006250 0.008333
0 0.681250 0.754167 0.012500 0.016667
0 0.671875 0.752083 0.012500 0.016667
0 0.648438 0.743750 0.006250 0.008333
0 0.656250 0.681250 0.006250 0.008333
0 0.640625 0.670833 0.006250 0.008333
0 0.612500 0.660417 0.006250 0.008333
0 0.606250 0.650000 0.006250 0.008333
0 0.589063 0.641667 0.006250 0.008333
0 0.581250 0.654167 0.006250 0.008333
0 0.559375 0.650000 0.006250 0.008333
0 0.503125 0.645833 0.006250 0.008333
0 0.496875 0.652083 0.006250 0.008333
0 0.490625 0.650000 0.006250 0.008333
0 0.367188 0.637500 0.006250 0.008333
0 0.306250 0.670833 0.006250 0.008333
0 0.267188 0.750000 0.012500 0.016667
0 0.184375 0.708333 0.006250 0.008333
0 0.357812 0.710417 0.006250 0.008333
0 0.393750 0.704167 0.006250 0.008333
0 0.446875 0.679167 0.006250 0.008333
0 0.456250 0.712500 0.006250 0.008333
0 0.460938 0.733333 0.006250 0.008333
0 0.454688 0.758333 0.012500 0.016667
0 0.429688 0.741667 0.006250 0.008333
0 0.503125 0.677083 0.006250 0.008333
0 0.489063 0.685417 0.006250 0.008333
0 0.509375 0.687500 0.006250 0.008333
0 0.500000 0.689583 0.006250 0.008333
0 0.496875 0.693750 0.006250 0.008333
0 0.629687 0.687500 0.006250 0.008333
0 0.628125 0.695833 0.006250 0.008333
0 0.623437 0.704167 0.006250 0.008333
0 0.617188 0.704167 0.006250 0.008333
0 0.612500 0.706250 0.006250 0.008333
0 0.612500 0.702083 0.006250 0.008333
0 0.596875 0.689583 0.006250 0.008333
0 0.581250 0.697917 0.006250 0.008333
0 0.579688 0.695833 0.006250 0.008333
0 0.550000 0.702083 0.006250 0.008333
0 0.540625 0.697917 0.006250 0.008333
0 0.534375 0.691667 0.006250 0.008333
0 0.528125 0.693750 0.006250 0.008333
0 0.621875 0.727083 0.006250 0.008333
0 0.629687 0.731250 0.006250 0.008333
0 0.651563 0.770833 0.012500 0.016667
0 0.640625 0.768750 0.012500 0.016667
0 0.617188 0.760417 0.012500 0.016667
0 0.612500 0.737500 0.006250 0.008333
0 0.601562 0.737500 0.006250 0.008333
0 0.584375 0.725000 0.006250 0.008333
0 0.576562 0.716667 0.006250 0.008333
0 0.585938 0.756250 0.012500 0.016667
0 0.570312 0.737500 0.006250 0.008333
0 0.562500 0.714583 0.006250 0.008333
0 0.529687 0.712500 0.006250 0.008333
0 0.512500 0.716667 0.006250 0.008333
0 0.503125 0.706250 0.006250 0.008333
0 0.498437 0.714583 0.006250 0.008333
0 0.543750 0.750000 0.012500 0.016667
0 0.539062 0.750000 0.012500 0.016667
0 0.531250 0.756250 0.012500 0.016667
0 0.517188 0.739583 0.006250 0.008333
0 0.500000 0.745833 0.006250 0.008333
0 0.500000 0.768750 0.012500 0.016667
0 0.507812 0.783333 0.012500 0.016667
0 0.487500 0.777083 0.012500 0.016667