0 0.757812 0.654167 0.006250 0.008333
0 0.748437 0.654167 0.006250 0.008333
0 0.703125 0.654167 0.006250 0.008333
0 0.687500 0.656250 0.006250 0.008333
0 0.715625 0.666667 0.006250 0.008333
0 0.828125 0.677083 0.006250 0.008333
0 0.804688 0.685417 0.006250 0.008333
0 0.762500 0.702083 0.006250 0.008333
0 0.956250 0.731250 0.006250 0.008333
0 0.928125 0.766667 0.012500 0.016667
0 0.831250 0.770833 0.012500 0.016667
0 0.909375 0.825000 0.012500 0.016667
0 0.965625 0.835417 0.012500 0.016667
0 0.956250 0.841667 0.012500 0.016667
0 0.945312 0.850000 0.012500 0.016667
0 0.921875 0.852083 0.012500 0.016667
0 0.971875 0.941667 0.012500 0.016667
0 0.837500 0.881250 0.012500 0.016667
0 0.779687 0.850000 0.012500 0.016667
0 0.725000 0.747917 0.006250 0.008333
0 0.696875 0.720833 0.006250 0.008333
0 0.679688 0.743750 0.006250 0.008333
0 0.648438 0.741667 0.006250 0.008333
0 0.642188 0.672917 0.006250 0.008333
0 0.614062 0.660417 0.006250 0.008333
0 0.609375 0.650000 0.006250 0.008333
0 0.621875 0.708333 0.006250 0.008333
0 0.612500 0.708333 0.006250 0.008333
0 0.606250 0.693750 0.006250 0.008333
0 0.621875 0.733333 0.006250 0.008333
0 0.634375 0.768750 0.012500 0.016667
0 0.562500 0.716667 0.006250 0.008333
0 0.557813 0.710417 0.006250 0.008333
0 0.548438 0.702083 0.006250 0.008333
0 0.542188 0.697917 0.006250 0.008333
0 0.543750 0.681250 0.006250 0.008333
0 0.535937 0.672917 0.006250 0.008333
0 0.534375 0.668750 0.006250 0.008333
0 0.523438 0.662500 0.006250 0.008333
0 0.535937 0.695833 0.006250 0.008333
0 0.539062 0.704167 0.006250 0.008333
0 0.534375 0.712500 0.006250 0.008333
0 0.525000 0.712500 0.006250 0.008333
0 0.520312 0.727083 0.006250 0.008333
0 0.539062 0.750000 0.012500 0.016667
0 0.575000 0.827083 0.012500 0.016667
0 0.503125 0.647917 0.006250 0.008333
0 0.496875 0.650000 0.006250 0.008333
0 0.492188 0.652083 0.006250 0.008333
0 0.495312 0.662500 0.006250 0.008333
0 0.514062 0.677083 0.006250 0.008333
0 0.510938 0.687500 0.006250 0.008333
0 0.503125 0.681250 0.006250 0.008333
0 0.493750 0.687500 0.006250 0.008333
0 0.493750 0.700000 0.006250 0.008333
0 0.506250 0.708333 0.006250 0.008333
0 0.498437 0.714583 0.006250 0.008333
0 0.506250 0.772917 0.012500 0.016667
0 0.484375 0.777083 0.012500 0.016667
0 0.476562 0.718750 0.006250 0.008333
0 0.478125 0.689583 0.006250 0.008333
0 0.476562 0.668750 0.006250 0.008333
0 0.440625 0.650000 0.006250 0.008333
0 0.421875 0.662500 0.006250 0.008333
0 0.440625 0.668750 0.006250 0.008333
0 0.445312 0.677083 0.006250 0.008333
0 0.435937 0.702083 0.006250 0.008333
0 0.428125 0.706250 0.006250 0.008333
0 0.453125 0.722917 0.006250 0.008333
0 0.456250 0.758333 0.012500 0.016667
0 0.431250 0.741667 0.006250 0.008333
0 0.462500 0.785417 0.012500 0.016667
0 0.368750 0.797917 0.012500 0.016667
0 0.370312 0.829167 0.012500 0.016667
0 0.334375 0.839583 0.012500 0.016667
0 0.328125 0.760417 0.012500 0.016667
0 0.359375 0.708333 0.006250 0.008333
0 0.351562 0.652083 0.006250 0.008333
0 0.300000 0.658333 0.006250 0.008333
0 0.307812 0.670833 0.006250 0.008333
0 0.270313 0.745833 0.006250 0.008333