0 0.964063 0.839583 0.012500 0.016667
0 0.956250 0.841667 0.012500 0.016667
0 0.928125 0.768750 0.012500 0.016667
0 0.920312 0.852083 0.012500 0.016667
0 0.842187 0.814583 0.012500 0.016667
0 0.831250 0.770833 0.012500 0.016667
0 0.828125 0.677083 0.006250 0.008333
0 0.803125 0.689583 0.006250 0.008333
0 0.792188 0.641667 0.006250 0.008333
0 0.757812 0.654167 0.006250 0.008333
0 0.746875 0.652083 0.006250 0.008333
0 0.745313 0.635417 0.006250 0.008333
0 0.732812 0.635417 0.006250 0.008333
0 0.707812 0.645833 0.006250 0.008333
0 0.703125 0.654167 0.006250 0.008333
0 0.712500 0.668750 0.006250 0.008333
0 0.690625 0.660417 0.006250 0.008333
0 0.698438 0.693750 0.006250 0.008333
0 0.698438 0.716667 0.006250 0.008333
0 0.726562 0.747917 0.006250 0.008333
0 0.657813 0.741667 0.006250 0.008333
0 0.642188 0.825000 0.012500 0.016667
0 0.634375 0.808333 0.012500 0.016667
0 0.629687 0.804167 0.012500 0.016667
0 0.617188 0.808333 0.012500 0.016667
0 0.575000 0.833333 0.012500 0.016667
0 0.637500 0.641667 0.006250 0.008333
0 0.642188 0.670833 0.006250 0.008333
0 0.610938 0.633333 0.006250 0.008333
0 0.614062 0.660417 0.006250 0.008333
0 0.609375 0.654167 0.006250 0.008333
0 0.589063 0.645833 0.006250 0.008333
0 0.582812 0.654167 0.006250 0.008333
0 0.565625 0.662500 0.006250 0.008333
0 0.560937 0.650000 0.006250 0.008333
0 0.623437 0.706250 0.006250 0.008333
0 0.612500 0.710417 0.006250 0.008333
0 0.607812 0.700000 0.006250 0.008333
0 0.603125 0.693750 0.006250 0.008333
0 0.590625 0.697917 0.006250 0.008333
0 0.582812 0.697917 0.006250 0.008333
0 0.585938 0.733333 0.006250 0.008333
0 0.550000 0.781250 0.012500 0.016667
0 0.540625 0.752083 0.012500 0.016667
0 0.562500 0.714583 0.006250 0.008333
0 0.554688 0.702083 0.006250 0.008333
0 0.546875 0.702083 0.006250 0.008333
0 0.539062 0.670833 0.006250 0.008333
0 0.542188 0.677083 0.006250 0.008333
0 0.543750 0.697917 0.006250 0.008333
0 0.534375 0.693750 0.006250 0.008333
0 0.534375 0.704167 0.006250 0.008333
0 0.529687 0.710417 0.006250 0.008333
0 0.521875 0.722917 0.006250 0.008333
0 0.512500 0.718750 0.006250 0.008333
0 0.493750 0.785417 0.012500 0.016667
0 0.485938 0.779167 0.012500 0.016667
0 0.454688 0.758333 0.012500 0.016667
0 0.453125 0.720833 0.006250 0.008333
0 0.518750 0.635417 0.006250 0.008333
0 0.523438 0.660417 0.006250 0.008333
0 0.501563 0.647917 0.006250 0.008333
0 0.498437 0.654167 0.006250 0.008333
0 0.492188 0.652083 0.006250 0.008333
0 0.507812 0.666667 0.006250 0.008333
0 0.510938 0.677083 0.006250 0.008333
0 0.512500 0.687500 0.006250 0.008333
0 0.501563 0.681250 0.006250 0.008333
0 0.493750 0.687500 0.006250 0.008333
0 0.496875 0.697917 0.006250 0.008333
0 0.500000 0.712500 0.006250 0.008333
0 0.476562 0.666667 0.006250 0.008333
0 0.476562 0.685417 0.006250 0.008333
0 0.479687 0.691667 0.006250 0.008333
0 0.475000 0.704167 0.006250 0.008333
0 0.453125 0.633333 0.006250 0.008333
0 0.439063 0.650000 0.006250 0.008333
0 0.439063 0.666667 0.006250 0.008333
0 0.445312 0.677083 0.006250 0.008333
0 0.435937 0.704167 0.006250 0.008333
0 0.409375 0.639583 0.006250 0.008333
0 0.423438 0.664583 0.006250 0.008333
0 0.404687 0.712500 0.006250 0.008333
0 0.359375 0.708333 0.006250 0.008333
0 0.389062 0.720833 0.006250 0.008333
0 0.310937 0.720833 0.006250 0.008333
0 0.306250 0.670833 0.006250 0.008333
0 0.301563 0.656250 0.006250 0.008333
0 0.253125 0.662500 0.006250 0.008333
0 0.101562 0.708333 0.006250 0.008333
0 0.065625 0.722917 0.006250 0.008333