0 0.931250 0.647917 0.006250 0.008333
0 0.920312 0.681250 0.006250 0.008333
0 0.981250 0.704167 0.006250 0.008333
0 0.926562 0.764583 0.012500 0.016667
0 0.965625 0.839583 0.012500 0.016667
0 0.956250 0.841667 0.012500 0.016667
0 0.920312 0.854167 0.012500 0.016667
0 0.829688 0.770833 0.012500 0.016667
0 0.815625 0.804167 0.012500 0.016667
0 0.831250 0.679167 0.006250 0.008333
0 0.790625 0.639583 0.006250 0.008333
0 0.803125 0.687500 0.006250 0.008333
0 0.742188 0.635417 0.006250 0.008333
0 0.732812 0.635417 0.006250 0.008333
0 0.701562 0.650000 0.006250 0.008333
0 0.714063 0.666667 0.006250 0.008333
0 0.714063 0.675000 0.006250 0.008333
0 0.695312 0.693750 0.006250 0.008333
0 0.703125 0.702083 0.006250 0.008333
0 0.695312 0.718750 0.006250 0.008333
0 0.726562 0.750000 0.012500 0.016667
0 0.656250 0.741667 0.006250 0.008333
0 0.632812 0.822917 0.012500 0.016667
0 0.632812 0.808333 0.012500 0.016667
0 0.628125 0.802083 0.012500 0.016667
0 0.615625 0.808333 0.012500 0.016667
0 0.640625 0.670833 0.006250 0.008333
0 0.635938 0.639583 0.006250 0.008333
0 0.614062 0.658333 0.006250 0.008333
0 0.609375 0.650000 0.006250 0.008333
0 0.582812 0.656250 0.006250 0.008333
0 0.565625 0.662500 0.006250 0.008333
0 0.559375 0.650000 0.006250 0.008333
0 0.518750 0.637500 0.006250 0.008333
0 0.453125 0.633333 0.006250 0.008333
0 0.414062 0.641667 0.006250 0.008333
0 0.335938 0.641667 0.006250 0.008333
0 0.351562 0.650000 0.006250 0.008333
0 0.304688 0.670833 0.006250 0.008333
0 0.253125 0.660417 0.006250 0.008333
0 0.100000 0.706250 0.006250 0.008333
0 0.064062 0.725000 0.006250 0.008333
0 0.621875 0.706250 0.006250 0.008333
0 0.615625 0.693750 0.006250 0.008333
0 0.612500 0.708333 0.006250 0.008333
0 0.606250 0.697917 0.006250 0.008333
0 0.596875 0.695833 0.006250 0.008333
0 0.573438 0.685417 0.006250 0.008333
0 0.585938 0.731250 0.006250 0.008333
0 0.548438 0.779167 0.012500 0.016667
0 0.540625 0.750000 0.012500 0.016667
0 0.553125 0.712500 0.006250 0.008333
0 0.551562 0.702083 0.006250 0.008333
0 0.556250 0.695833 0.006250 0.008333
0 0.539062 0.670833 0.006250 0.008333
0 0.531250 0.658333 0.006250 0.008333
0 0.523438 0.662500 0.006250 0.008333
0 0.503125 0.647917 0.006250 0.008333
0 0.496875 0.654167 0.006250 0.008333
0 0.490625 0.654167 0.006250 0.008333
0 0.471875 0.662500 0.006250 0.008333
0 0.445312 0.677083 0.006250 0.008333
0 0.440625 0.666667 0.006250 0.008333
0 0.432812 0.664583 0.006250 0.008333
0 0.423438 0.666667 0.006250 0.008333
0 0.434375 0.704167 0.006250 0.008333
0 0.414062 0.720833 0.006250 0.008333
0 0.403125 0.714583 0.006250 0.008333
0 0.389062 0.718750 0.006250 0.008333
0 0.378125 0.727083 0.006250 0.008333
0 0.343750 0.722917 0.006250 0.008333
0 0.310937 0.718750 0.006250 0.008333
0 0.534375 0.693750 0.006250 0.008333
0 0.534375 0.704167 0.006250 0.008333
0 0.529687 0.712500 0.006250 0.008333
0 0.523438 0.722917 0.006250 0.008333
0 0.518750 0.706250 0.006250 0.008333
0 0.512500 0.687500 0.006250 0.008333
0 0.512500 0.677083 0.006250 0.008333
0 0.507812 0.666667 0.006250 0.008333
0 0.493750 0.685417 0.006250 0.008333
0 0.496875 0.716667 0.006250 0.008333
0 0.481250 0.704167 0.006250 0.008333
0 0.476562 0.693750 0.006250 0.008333
0 0.476562 0.687500 0.006250 0.008333
0 0.485938 0.781250 0.012500 0.016667
0 0.456250 0.756250 0.012500 0.016667