0 0.953125 0.764583 0.012500 0.016667
0 0.926562 0.766667 0.012500 0.016667
0 0.965625 0.839583 0.012500 0.016667
0 0.957812 0.843750 0.012500 0.016667
0 0.920312 0.850000 0.012500 0.016667
0 0.829688 0.679167 0.006250 0.008333
0 0.803125 0.685417 0.006250 0.008333
0 0.757812 0.654167 0.006250 0.008333
0 0.746875 0.654167 0.006250 0.008333
0 0.829688 0.768750 0.012500 0.016667
0 0.843750 0.816667 0.012500 0.016667
0 0.821875 0.797917 0.012500 0.016667
0 0.804688 0.787500 0.012500 0.016667
0 0.726562 0.747917 0.006250 0.008333
0 0.695312 0.718750 0.006250 0.008333
0 0.695312 0.693750 0.006250 0.008333
0 0.717187 0.675000 0.006250 0.008333
0 0.714063 0.664583 0.006250 0.008333
0 0.701562 0.654167 0.006250 0.008333
0 0.687500 0.658333 0.006250 0.008333
0 0.589063 0.635417 0.006250 0.008333
0 0.587500 0.643750 0.006250 0.008333
0 0.581250 0.654167 0.006250 0.008333
0 0.609375 0.652083 0.006250 0.008333
0 0.614062 0.660417 0.006250 0.008333
0 0.642188 0.670833 0.006250 0.008333
0 0.657813 0.739583 0.006250 0.008333
0 0.642188 0.829167 0.012500 0.016667
0 0.632812 0.804167 0.012500 0.016667
0 0.628125 0.802083 0.012500 0.016667
0 0.614062 0.806250 0.012500 0.016667
0 0.573438 0.831250 0.012500 0.016667
0 0.623437 0.706250 0.006250 0.008333
0 0.612500 0.708333 0.006250 0.008333
0 0.606250 0.700000 0.006250 0.008333
0 0.606250 0.695833 0.006250 0.008333
0 0.590625 0.697917 0.006250 0.008333
0 0.582812 0.693750 0.006250 0.008333
0 0.585938 0.733333 0.006250 0.008333
0 0.567187 0.658333 0.006250 0.008333
0 0.560937 0.650000 0.006250 0.008333
0 0.562500 0.633333 0.006250 0.008333
0 0.518750 0.633333 0.006250 0.008333
0 0.495312 0.633333 0.006250 0.008333
0 0.451562 0.635417 0.006250 0.008333
0 0.414062 0.641667 0.006250 0.008333
0 0.389062 0.635417 0.006250 0.008333
0 0.353125 0.650000 0.006250 0.008333
0 0.335938 0.639583 0.006250 0.008333
0 0.304688 0.672917 0.006250 0.008333
0 0.301563 0.656250 0.006250 0.008333
0 0.100000 0.706250 0.006250 0.008333
0 0.064062 0.725000 0.006250 0.008333
0 0.439063 0.647917 0.006250 0.008333
0 0.423438 0.662500 0.006250 0.008333
0 0.440625 0.666667 0.006250 0.008333
0 0.446875 0.679167 0.006250 0.008333
0 0.378125 0.697917 0.006250 0.008333
0 0.359375 0.710417 0.006250 0.008333
0 0.501563 0.647917 0.006250 0.008333
0 0.495312 0.650000 0.006250 0.008333
0 0.490625 0.652083 0.006250 0.008333
0 0.496875 0.662500 0.006250 0.008333
0 0.523438 0.660417 0.006250 0.008333
0 0.506250 0.664583 0.006250 0.008333
0 0.540625 0.670833 0.006250 0.008333
0 0.540625 0.679167 0.006250 0.008333
0 0.512500 0.675000 0.006250 0.008333
0 0.512500 0.687500 0.006250 0.008333
0 0.503125 0.681250 0.006250 0.008333
0 0.492188 0.687500 0.006250 0.008333
0 0.496875 0.693750 0.006250 0.008333
0 0.496875 0.714583 0.006250 0.008333
0 0.476562 0.687500 0.006250 0.008333
0 0.478125 0.693750 0.006250 0.008333
0 0.475000 0.704167 0.006250 0.008333
0 0.437500 0.702083 0.006250 0.008333
0 0.428125 0.706250 0.006250 0.008333
0 0.426563 0.716667 0.006250 0.008333
0 0.453125 0.725000 0.006250 0.008333
0 0.471875 0.729167 0.006250 0.008333
0 0.534375 0.693750 0.006250 0.008333
0 0.542188 0.697917 0.006250 0.008333
0 0.548438 0.702083 0.006250 0.008333
0 0.551562 0.702083 0.006250 0.008333
0 0.560937 0.716667 0.006250 0.008333
0 0.557813 0.739583 0.006250 0.008333
0 0.532813 0.706250 0.006250 0.008333
0 0.531250 0.708333 0.006250 0.008333
0 0.520312 0.720833 0.006250 0.008333
0 0.540625 0.752083 0.012500 0.016667
0 0.550000 0.779167 0.012500 0.016667
0 0.493750 0.787500 0.012500 0.016667
0 0.484375 0.779167 0.012500 0.016667
0 0.453125 0.756250 0.012500 0.016667
0 0.426563 0.754167 0.012500 0.016667