0 0.982812 0.704167 0.006250 0.008333
0 0.932813 0.645833 0.006250 0.008333
0 0.984375 0.862500 0.012500 0.016667
0 0.965625 0.841667 0.012500 0.016667
0 0.920312 0.854167 0.012500 0.016667
0 0.971875 0.781250 0.012500 0.016667
0 0.957812 0.775000 0.012500 0.016667
0 0.914062 0.718750 0.006250 0.008333
0 0.893750 0.714583 0.006250 0.008333
0 0.793750 0.641667 0.006250 0.008333
0 0.743750 0.635417 0.006250 0.008333
0 0.729688 0.635417 0.006250 0.008333
0 0.750000 0.652083 0.006250 0.008333
0 0.820312 0.687500 0.006250 0.008333
0 0.803125 0.687500 0.006250 0.008333
0 0.815625 0.804167 0.012500 0.016667
0 0.725000 0.747917 0.006250 0.008333
0 0.714063 0.672917 0.006250 0.008333
0 0.689063 0.666667 0.006250 0.008333
0 0.695312 0.693750 0.006250 0.008333
0 0.703125 0.702083 0.006250 0.008333
0 0.698438 0.718750 0.006250 0.008333
0 0.656250 0.739583 0.006250 0.008333
0 0.654687 0.702083 0.006250 0.008333
0 0.643750 0.658333 0.006250 0.008333
0 0.634375 0.672917 0.006250 0.008333
0 0.609375 0.654167 0.006250 0.008333
0 0.610938 0.658333 0.006250 0.008333
0 0.601562 0.660417 0.006250 0.008333
0 0.581250 0.656250 0.006250 0.008333
0 0.559375 0.647917 0.006250 0.008333
0 0.518750 0.637500 0.006250 0.008333
0 0.450000 0.633333 0.006250 0.008333
0 0.410938 0.639583 0.006250 0.008333
0 0.353125 0.654167 0.006250 0.008333
0 0.337500 0.639583 0.006250 0.008333
0 0.306250 0.670833 0.006250 0.008333
0 0.254688 0.660417 0.006250 0.008333
0 0.100000 0.706250 0.006250 0.008333
0 0.064062 0.722917 0.006250 0.008333
0 0.634375 0.804167 0.012500 0.016667
0 0.628125 0.800000 0.012500 0.016667
0 0.632812 0.818750 0.012500 0.016667
0 0.615625 0.808333 0.012500 0.016667
0 0.623437 0.708333 0.006250 0.008333
0 0.617188 0.700000 0.006250 0.008333
0 0.612500 0.708333 0.006250 0.008333
0 0.598437 0.697917 0.006250 0.008333
0 0.584375 0.733333 0.006250 0.008333
0 0.562500 0.706250 0.006250 0.008333
0 0.562500 0.710417 0.006250 0.008333
0 0.539062 0.752083 0.012500 0.016667
0 0.546875 0.706250 0.006250 0.008333
0 0.551562 0.666667 0.006250 0.008333
0 0.540625 0.670833 0.006250 0.008333
0 0.526563 0.662500 0.006250 0.008333
0 0.534375 0.691667 0.006250 0.008333
0 0.534375 0.702083 0.006250 0.008333
0 0.528125 0.708333 0.006250 0.008333
0 0.521875 0.722917 0.006250 0.008333
0 0.523438 0.695833 0.006250 0.008333
0 0.507812 0.666667 0.006250 0.008333
0 0.514062 0.675000 0.006250 0.008333
0 0.510938 0.687500 0.006250 0.008333
0 0.503125 0.650000 0.006250 0.008333
0 0.496875 0.650000 0.006250 0.008333
0 0.489063 0.650000 0.006250 0.008333
0 0.476562 0.664583 0.006250 0.008333
0 0.492188 0.685417 0.006250 0.008333
0 0.498437 0.714583 0.006250 0.008333
0 0.478125 0.685417 0.006250 0.008333
0 0.475000 0.691667 0.006250 0.008333
0 0.423438 0.662500 0.006250 0.008333
0 0.434375 0.664583 0.006250 0.008333
0 0.440625 0.664583 0.006250 0.008333
0 0.445312 0.675000 0.006250 0.008333
0 0.435937 0.702083 0.006250 0.008333
0 0.484375 0.781250 0.012500 0.016667
0 0.456250 0.758333 0.012500 0.016667
0 0.403125 0.710417 0.006250 0.008333
0 0.390625 0.718750 0.006250 0.008333
0 0.381250 0.722917 0.006250 0.008333
0 0.345313 0.720833 0.006250 0.008333
0 0.309375 0.718750 0.006250 0.008333
0 0.306250 0.756250 0.012500 0.016667
0 0.250000 0.745833 0.006250 0.008333
0 0.237500 0.752083 0.012500 0.016667