0 0.965625 0.764583 0.012500 0.016667
0 0.928125 0.766667 0.012500 0.016667
0 0.965625 0.839583 0.012500 0.016667
0 0.956250 0.841667 0.012500 0.016667
0 0.926562 0.852083 0.012500 0.016667
0 0.918750 0.854167 0.012500 0.016667
0 0.885938 0.881250 0.012500 0.016667
0 0.831250 0.770833 0.012500 0.016667
0 0.789062 0.843750 0.012500 0.016667
0 0.831250 0.679167 0.006250 0.008333
0 0.804688 0.685417 0.006250 0.008333
0 0.757812 0.654167 0.006250 0.008333
0 0.746875 0.654167 0.006250 0.008333
0 0.715625 0.664583 0.006250 0.008333
0 0.701562 0.650000 0.006250 0.008333
0 0.689063 0.658333 0.006250 0.008333
0 0.726562 0.745833 0.006250 0.008333
0 0.696875 0.716667 0.006250 0.008333
0 0.696875 0.695833 0.006250 0.008333
0 0.678125 0.685417 0.006250 0.008333
0 0.639062 0.672917 0.006250 0.008333
0 0.614062 0.660417 0.006250 0.008333
0 0.607812 0.654167 0.006250 0.008333
0 0.585938 0.643750 0.006250 0.008333
0 0.581250 0.656250 0.006250 0.008333
0 0.565625 0.662500 0.006250 0.008333
0 0.559375 0.650000 0.006250 0.008333
0 0.545312 0.647917 0.006250 0.008333
0 0.518750 0.633333 0.006250 0.008333
0 0.523438 0.662500 0.006250 0.008333
0 0.540625 0.670833 0.006250 0.008333
0 0.543750 0.679167 0.006250 0.008333
0 0.625000 0.706250 0.006250 0.008333
0 0.610938 0.704167 0.006250 0.008333
0 0.606250 0.695833 0.006250 0.008333
0 0.601562 0.693750 0.006250 0.008333
0 0.590625 0.695833 0.006250 0.008333
0 0.582812 0.697917 0.006250 0.008333
0 0.559375 0.697917 0.006250 0.008333
0 0.554688 0.702083 0.006250 0.008333
0 0.550000 0.700000 0.006250 0.008333
0 0.540625 0.697917 0.006250 0.008333
0 0.532813 0.691667 0.006250 0.008333
0 0.534375 0.706250 0.006250 0.008333
0 0.528125 0.710417 0.006250 0.008333
0 0.520312 0.722917 0.006250 0.008333
0 0.495312 0.633333 0.006250 0.008333
0 0.503125 0.645833 0.006250 0.008333
0 0.496875 0.650000 0.006250 0.008333
0 0.489063 0.652083 0.006250 0.008333
0 0.496875 0.660417 0.006250 0.008333
0 0.507812 0.666667 0.006250 0.008333
0 0.512500 0.675000 0.006250 0.008333
0 0.512500 0.683333 0.006250 0.008333
0 0.510938 0.689583 0.006250 0.008333
0 0.503125 0.681250 0.006250 0.008333
0 0.492188 0.685417 0.006250 0.008333
0 0.496875 0.693750 0.006250 0.008333
0 0.496875 0.716667 0.006250 0.008333
0 0.478125 0.685417 0.006250 0.008333
0 0.478125 0.693750 0.006250 0.008333
0 0.476562 0.700000 0.006250 0.008333
0 0.453125 0.631250 0.006250 0.008333
0 0.439063 0.647917 0.006250 0.008333
0 0.442188 0.666667 0.006250 0.008333
0 0.445312 0.677083 0.006250 0.008333
0 0.425000 0.664583 0.006250 0.008333
0 0.409375 0.641667 0.006250 0.008333
0 0.390625 0.633333 0.006250 0.008333
0 0.351562 0.650000 0.006250 0.008333
0 0.335938 0.639583 0.006250 0.008333
0 0.300000 0.654167 0.006250 0.008333
0 0.304688 0.670833 0.006250 0.008333
0 0.218750 0.716667 0.006250 0.008333
0 0.090625 0.725000 0.006250 0.008333
0 0.378125 0.697917 0.006250 0.008333
0 0.357812 0.706250 0.006250 0.008333
0 0.359375 0.800000 0.012500 0.016667
0 0.437500 0.704167 0.006250 0.008333
0 0.426563 0.706250 0.006250 0.008333
0 0.429688 0.739583 0.006250 0.008333
0 0.453125 0.725000 0.006250 0.008333
0 0.456250 0.758333 0.012500 0.016667
0 0.560937 0.714583 0.006250 0.008333
0 0.656250 0.737500 0.006250 0.008333
0 0.585938 0.733333 0.006250 0.008333
0 0.564063 0.733333 0.006250 0.008333
0 0.557813 0.737500 0.006250 0.008333
0 0.539062 0.754167 0.012500 0.016667
0 0.548438 0.781250 0.012500 0.016667
0 0.643750 0.827083 0.012500 0.016667
0 0.634375 0.808333 0.012500 0.016667
0 0.628125 0.804167 0.012500 0.016667
0 0.615625 0.808333 0.012500 0.016667
0 0.575000 0.831250 0.012500 0.016667
0 0.492188 0.785417 0.012500 0.016667
0 0.482812 0.779167 0.012500 0.016667