0 0.100000 0.704167 0.006250 0.008333
0 0.065625 0.725000 0.006250 0.008333
0 0.253125 0.662500 0.006250 0.008333
0 0.337500 0.639583 0.006250 0.008333
0 0.351562 0.652083 0.006250 0.008333
0 0.306250 0.672917 0.006250 0.008333
0 0.310937 0.716667 0.006250 0.008333
0 0.343750 0.718750 0.006250 0.008333
0 0.403125 0.714583 0.006250 0.008333
0 0.387500 0.720833 0.006250 0.008333
0 0.379688 0.727083 0.006250 0.008333
0 0.435937 0.704167 0.006250 0.008333
0 0.445312 0.679167 0.006250 0.008333
0 0.440625 0.668750 0.006250 0.008333
0 0.432812 0.662500 0.006250 0.008333
0 0.421875 0.664583 0.006250 0.008333
0 0.409375 0.639583 0.006250 0.008333
0 0.451562 0.633333 0.006250 0.008333
0 0.965625 0.837500 0.012500 0.016667
0 0.956250 0.841667 0.012500 0.016667
0 0.918750 0.854167 0.012500 0.016667
0 0.926562 0.764583 0.012500 0.016667
0 0.981250 0.704167 0.006250 0.008333
0 0.934375 0.645833 0.006250 0.008333
0 0.920312 0.683333 0.006250 0.008333
0 0.829688 0.677083 0.006250 0.008333
0 0.792188 0.641667 0.006250 0.008333
0 0.803125 0.687500 0.006250 0.008333
0 0.831250 0.766667 0.012500 0.016667
0 0.814063 0.804167 0.012500 0.016667
0 0.631250 0.818750 0.012500 0.016667
0 0.632812 0.808333 0.012500 0.016667
0 0.629687 0.804167 0.012500 0.016667
0 0.615625 0.810417 0.012500 0.016667
0 0.726562 0.747917 0.006250 0.008333
0 0.746875 0.652083 0.006250 0.008333
0 0.745313 0.635417 0.006250 0.008333
0 0.731250 0.633333 0.006250 0.008333
0 0.703125 0.650000 0.006250 0.008333
0 0.715625 0.664583 0.006250 0.008333
0 0.715625 0.672917 0.006250 0.008333
0 0.696875 0.716667 0.006250 0.008333
0 0.701562 0.704167 0.006250 0.008333
0 0.698438 0.693750 0.006250 0.008333
0 0.675000 0.712500 0.006250 0.008333
0 0.656250 0.739583 0.006250 0.008333
0 0.653125 0.700000 0.006250 0.008333
0 0.640625 0.670833 0.006250 0.008333
0 0.635938 0.641667 0.006250 0.008333
0 0.614062 0.660417 0.006250 0.008333
0 0.609375 0.654167 0.006250 0.008333
0 0.621875 0.706250 0.006250 0.008333
0 0.610938 0.710417 0.006250 0.008333
0 0.612500 0.700000 0.006250 0.008333
0 0.607812 0.697917 0.006250 0.008333
0 0.595313 0.697917 0.006250 0.008333
0 0.587500 0.697917 0.006250 0.008333
0 0.584375 0.733333 0.006250 0.008333
0 0.550000 0.779167 0.012500 0.016667
0 0.539062 0.750000 0.012500 0.016667
0 0.581250 0.658333 0.006250 0.008333
0 0.565625 0.660417 0.006250 0.008333
0 0.560937 0.647917 0.006250 0.008333
0 0.518750 0.633333 0.006250 0.008333
0 0.501563 0.647917 0.006250 0.008333
0 0.495312 0.650000 0.006250 0.008333
0 0.490625 0.650000 0.006250 0.008333
0 0.473438 0.664583 0.006250 0.008333
0 0.540625 0.670833 0.006250 0.008333
0 0.531250 0.656250 0.006250 0.008333
0 0.521875 0.664583 0.006250 0.008333
0 0.506250 0.664583 0.006250 0.008333
0 0.512500 0.677083 0.006250 0.008333
0 0.512500 0.685417 0.006250 0.008333
0 0.492188 0.685417 0.006250 0.008333
0 0.476562 0.687500 0.006250 0.008333
0 0.476562 0.695833 0.006250 0.008333
0 0.553125 0.700000 0.006250 0.008333
0 0.550000 0.712500 0.006250 0.008333
0 0.546875 0.706250 0.006250 0.008333
0 0.542188 0.706250 0.006250 0.008333
0 0.534375 0.697917 0.006250 0.008333
0 0.534375 0.706250 0.006250 0.008333
0 0.529687 0.706250 0.006250 0.008333
0 0.520312 0.725000 0.006250 0.008333
0 0.500000 0.714583 0.006250 0.008333
0 0.484375 0.781250 0.012500 0.016667
0 0.454688 0.758333 0.012500 0.016667