0 0.932813 0.645833 0.006250 0.008333
0 0.981250 0.704167 0.006250 0.008333
0 0.971875 0.781250 0.012500 0.016667
0 0.960938 0.777083 0.012500 0.016667
0 0.964063 0.837500 0.012500 0.016667
0 0.957812 0.841667 0.012500 0.016667
0 0.918750 0.852083 0.012500 0.016667
0 0.900000 0.685417 0.006250 0.008333
0 0.912500 0.720833 0.006250 0.008333
0 0.895312 0.716667 0.006250 0.008333
0 0.829688 0.677083 0.006250 0.008333
0 0.792188 0.641667 0.006250 0.008333
0 0.803125 0.687500 0.006250 0.008333
0 0.817187 0.804167 0.012500 0.016667
0 0.745313 0.635417 0.006250 0.008333
0 0.731250 0.635417 0.006250 0.008333
0 0.748437 0.654167 0.006250 0.008333
0 0.715625 0.666667 0.006250 0.008333
0 0.712500 0.672917 0.006250 0.008333
0 0.693750 0.652083 0.006250 0.008333
0 0.698438 0.693750 0.006250 0.008333
0 0.701562 0.704167 0.006250 0.008333
0 0.695312 0.714583 0.006250 0.008333
0 0.725000 0.745833 0.006250 0.008333
0 0.693750 0.758333 0.012500 0.016667
0 0.657813 0.739583 0.006250 0.008333
0 0.653125 0.702083 0.006250 0.008333
0 0.642188 0.670833 0.006250 0.008333
0 0.628125 0.643750 0.006250 0.008333
0 0.607812 0.652083 0.006250 0.008333
0 0.614062 0.660417 0.006250 0.008333
0 0.623437 0.706250 0.006250 0.008333
0 0.617188 0.697917 0.006250 0.008333
0 0.610938 0.708333 0.006250 0.008333
0 0.609375 0.700000 0.006250 0.008333
0 0.596875 0.695833 0.006250 0.008333
0 0.584375 0.656250 0.006250 0.008333
0 0.582812 0.733333 0.006250 0.008333
0 0.559375 0.647917 0.006250 0.008333
0 0.518750 0.637500 0.006250 0.008333
0 0.528125 0.662500 0.006250 0.008333
0 0.539062 0.670833 0.006250 0.008333
0 0.550000 0.664583 0.006250 0.008333
0 0.564063 0.708333 0.006250 0.008333
0 0.562500 0.712500 0.006250 0.008333
0 0.546875 0.706250 0.006250 0.008333
0 0.534375 0.695833 0.006250 0.008333
0 0.535937 0.706250 0.006250 0.008333
0 0.531250 0.708333 0.006250 0.008333
0 0.521875 0.722917 0.006250 0.008333
0 0.540625 0.752083 0.012500 0.016667
0 0.628125 0.802083 0.012500 0.016667
0 0.632812 0.806250 0.012500 0.016667
0 0.632812 0.820833 0.012500 0.016667
0 0.617188 0.808333 0.012500 0.016667
0 0.484375 0.779167 0.012500 0.016667
0 0.454688 0.758333 0.012500 0.016667
0 0.498437 0.716667 0.006250 0.008333
0 0.512500 0.689583 0.006250 0.008333
0 0.510938 0.685417 0.006250 0.008333
0 0.514062 0.672917 0.006250 0.008333
0 0.506250 0.666667 0.006250 0.008333
0 0.503125 0.647917 0.006250 0.008333
0 0.496875 0.650000 0.006250 0.008333
0 0.490625 0.650000 0.006250 0.008333
0 0.450000 0.633333 0.006250 0.008333
0 0.410938 0.641667 0.006250 0.008333
0 0.473438 0.662500 0.006250 0.008333
0 0.493750 0.685417 0.006250 0.008333
0 0.478125 0.687500 0.006250 0.008333
0 0.475000 0.691667 0.006250 0.008333
0 0.425000 0.664583 0.006250 0.008333
0 0.432812 0.664583 0.006250 0.008333
0 0.440625 0.666667 0.006250 0.008333
0 0.443750 0.679167 0.006250 0.008333
0 0.437500 0.704167 0.006250 0.008333
0 0.404687 0.714583 0.006250 0.008333
0 0.389062 0.718750 0.006250 0.008333
0 0.379688 0.727083 0.006250 0.008333
0 0.343750 0.718750 0.006250 0.008333
0 0.353125 0.654167 0.006250 0.008333
0 0.337500 0.641667 0.006250 0.008333
0 0.306250 0.670833 0.006250 0.008333
0 0.309375 0.716667 0.006250 0.008333
0 0.251563 0.662500 0.006250 0.008333
0 0.101562 0.708333 0.006250 0.008333
0 0.064062 0.722917 0.006250 0.008333