0 0.300000 0.658333 0.006250 0.008333
0 0.307812 0.670833 0.006250 0.008333
0 0.351562 0.650000 0.006250 0.008333
0 0.359375 0.710417 0.006250 0.008333
0 0.284375 0.737500 0.006250 0.008333
0 0.371875 0.781250 0.012500 0.016667
0 0.367188 0.825000 0.012500 0.016667
0 0.970313 0.943750 0.012500 0.016667
0 0.785937 0.858333 0.012500 0.016667
0 0.781250 0.847917 0.012500 0.016667
0 0.576562 0.831250 0.012500 0.016667
0 0.484375 0.777083 0.012500 0.016667
0 0.476562 0.783333 0.012500 0.016667
0 0.453125 0.793750 0.012500 0.016667
0 0.531250 0.779167 0.012500 0.016667
0 0.539062 0.752083 0.012500 0.016667
0 0.575000 0.793750 0.012500 0.016667
0 0.590625 0.766667 0.012500 0.016667
0 0.584375 0.731250 0.006250 0.008333
0 0.623437 0.706250 0.006250 0.008333
0 0.642188 0.670833 0.006250 0.008333
0 0.687500 0.660417 0.006250 0.008333
0 0.701562 0.654167 0.006250 0.008333
0 0.715625 0.666667 0.006250 0.008333
0 0.757812 0.654167 0.006250 0.008333
0 0.746875 0.654167 0.006250 0.008333
0 0.829688 0.677083 0.006250 0.008333
0 0.803125 0.685417 0.006250 0.008333
0 0.850000 0.731250 0.006250 0.008333
0 0.928125 0.766667 0.012500 0.016667
0 0.965625 0.837500 0.012500 0.016667
0 0.957812 0.839583 0.012500 0.016667
0 0.945312 0.850000 0.012500 0.016667
0 0.921875 0.854167 0.012500 0.016667
0 0.859375 0.814583 0.012500 0.016667
0 0.831250 0.768750 0.012500 0.016667
0 0.762500 0.704167 0.006250 0.008333
0 0.726562 0.747917 0.006250 0.008333
0 0.696875 0.718750 0.006250 0.008333
0 0.679688 0.743750 0.006250 0.008333
0 0.648438 0.743750 0.006250 0.008333
0 0.617188 0.660417 0.006250 0.008333
0 0.550000 0.702083 0.006250 0.008333
0 0.540625 0.675000 0.006250 0.008333
0 0.543750 0.700000 0.006250 0.008333
0 0.534375 0.697917 0.006250 0.008333
0 0.539062 0.706250 0.006250 0.008333
0 0.532813 0.708333 0.006250 0.008333
0 0.523438 0.710417 0.006250 0.008333
0 0.521875 0.725000 0.006250 0.008333
0 0.521875 0.660417 0.006250 0.008333
0 0.520312 0.670833 0.006250 0.008333
0 0.518750 0.666667 0.006250 0.008333
0 0.512500 0.675000 0.006250 0.008333
0 0.512500 0.685417 0.006250 0.008333
0 0.500000 0.647917 0.006250 0.008333
0 0.496875 0.650000 0.006250 0.008333
0 0.489063 0.654167 0.006250 0.008333
0 0.496875 0.662500 0.006250 0.008333
0 0.503125 0.681250 0.006250 0.008333
0 0.490625 0.685417 0.006250 0.008333
0 0.495312 0.697917 0.006250 0.008333
0 0.503125 0.704167 0.006250 0.008333
0 0.498437 0.716667 0.006250 0.008333
0 0.476562 0.689583 0.006250 0.008333
0 0.465625 0.668750 0.006250 0.008333
0 0.439063 0.650000 0.006250 0.008333
0 0.440625 0.666667 0.006250 0.008333
0 0.421875 0.662500 0.006250 0.008333
0 0.443750 0.679167 0.006250 0.008333
0 0.437500 0.704167 0.006250 0.008333
0 0.429688 0.706250 0.006250 0.008333
0 0.467187 0.718750 0.006250 0.008333
0 0.453125 0.725000 0.006250 0.008333
0 0.451562 0.720833 0.006250 0.008333
0 0.456250 0.760417 0.012500 0.016667
0 0.431250 0.737500 0.006250 0.008333