0 0.920312 0.852083 0.012500 0.016667
0 0.956250 0.841667 0.012500 0.016667
0 0.964063 0.839583 0.012500 0.016667
0 0.970313 0.781250 0.012500 0.016667
0 0.957812 0.777083 0.012500 0.016667
0 0.981250 0.700000 0.006250 0.008333
0 0.934375 0.645833 0.006250 0.008333
0 0.920312 0.683333 0.006250 0.008333
0 0.914062 0.720833 0.006250 0.008333
0 0.893750 0.716667 0.006250 0.008333
0 0.828125 0.677083 0.006250 0.008333
0 0.792188 0.641667 0.006250 0.008333
0 0.803125 0.685417 0.006250 0.008333
0 0.817187 0.804167 0.012500 0.016667
0 0.742188 0.633333 0.006250 0.008333
0 0.732812 0.637500 0.006250 0.008333
0 0.746875 0.654167 0.006250 0.008333
0 0.703125 0.652083 0.006250 0.008333
0 0.715625 0.666667 0.006250 0.008333
0 0.714063 0.675000 0.006250 0.008333
0 0.696875 0.693750 0.006250 0.008333
0 0.701562 0.704167 0.006250 0.008333
0 0.696875 0.716667 0.006250 0.008333
0 0.725000 0.745833 0.006250 0.008333
0 0.737500 0.760417 0.012500 0.016667
0 0.657813 0.737500 0.006250 0.008333
0 0.651563 0.700000 0.006250 0.008333
0 0.642188 0.670833 0.006250 0.008333
0 0.635938 0.641667 0.006250 0.008333
0 0.609375 0.650000 0.006250 0.008333
0 0.615625 0.658333 0.006250 0.008333
0 0.623437 0.708333 0.006250 0.008333
0 0.617188 0.704167 0.006250 0.008333
0 0.610938 0.708333 0.006250 0.008333
0 0.606250 0.697917 0.006250 0.008333
0 0.596875 0.697917 0.006250 0.008333
0 0.581250 0.656250 0.006250 0.008333
0 0.585938 0.733333 0.006250 0.008333
0 0.632812 0.804167 0.012500 0.016667
0 0.628125 0.800000 0.012500 0.016667
0 0.629687 0.822917 0.012500 0.016667
0 0.615625 0.808333 0.012500 0.016667
0 0.539062 0.752083 0.012500 0.016667
0 0.562500 0.714583 0.006250 0.008333
0 0.565625 0.708333 0.006250 0.008333
0 0.546875 0.708333 0.006250 0.008333
0 0.534375 0.695833 0.006250 0.008333
0 0.534375 0.706250 0.006250 0.008333
0 0.529687 0.706250 0.006250 0.008333
0 0.520312 0.722917 0.006250 0.008333
0 0.484375 0.781250 0.012500 0.016667
0 0.456250 0.758333 0.012500 0.016667
0 0.500000 0.714583 0.006250 0.008333
0 0.560937 0.650000 0.006250 0.008333
0 0.551562 0.666667 0.006250 0.008333
0 0.540625 0.670833 0.006250 0.008333
0 0.528125 0.660417 0.006250 0.008333
0 0.512500 0.675000 0.006250 0.008333
0 0.512500 0.685417 0.006250 0.008333
0 0.507812 0.664583 0.006250 0.008333
0 0.517188 0.635417 0.006250 0.008333
0 0.501563 0.647917 0.006250 0.008333
0 0.496875 0.650000 0.006250 0.008333
0 0.489063 0.654167 0.006250 0.008333
0 0.492188 0.685417 0.006250 0.008333
0 0.476562 0.685417 0.006250 0.008333
0 0.473438 0.693750 0.006250 0.008333
0 0.475000 0.662500 0.006250 0.008333
0 0.450000 0.633333 0.006250 0.008333
0 0.410938 0.639583 0.006250 0.008333
0 0.445312 0.677083 0.006250 0.008333
0 0.440625 0.668750 0.006250 0.008333
0 0.432812 0.664583 0.006250 0.008333
0 0.423438 0.662500 0.006250 0.008333
0 0.437500 0.704167 0.006250 0.008333
0 0.403125 0.710417 0.006250 0.008333
0 0.389062 0.720833 0.006250 0.008333
0 0.379688 0.727083 0.006250 0.008333
0 0.345313 0.718750 0.006250 0.008333
0 0.351562 0.652083 0.006250 0.008333
0 0.335938 0.637500 0.006250 0.008333
0 0.307812 0.670833 0.006250 0.008333
0 0.309375 0.718750 0.006250 0.008333
0 0.253125 0.660417 0.006250 0.008333
0 0.101562 0.708333 0.006250 0.008333
0 0.062500 0.720833 0.006250 0.008333