0 0.981250 0.702083 0.006250 0.008333
0 0.931250 0.645833 0.006250 0.008333
0 0.912500 0.720833 0.006250 0.008333
0 0.893750 0.716667 0.006250 0.008333
0 0.970313 0.779167 0.012500 0.016667
0 0.959375 0.775000 0.012500 0.016667
0 0.962500 0.835417 0.012500 0.016667
0 0.985938 0.862500 0.012500 0.016667
0 0.921875 0.850000 0.012500 0.016667
0 0.815625 0.804167 0.012500 0.016667
0 0.820312 0.687500 0.006250 0.008333
0 0.803125 0.685417 0.006250 0.008333
0 0.793750 0.641667 0.006250 0.008333
0 0.743750 0.633333 0.006250 0.008333
0 0.732812 0.635417 0.006250 0.008333
0 0.748437 0.652083 0.006250 0.008333
0 0.714063 0.664583 0.006250 0.008333
0 0.712500 0.672917 0.006250 0.008333
0 0.726562 0.745833 0.006250 0.008333
0 0.696875 0.691667 0.006250 0.008333
0 0.703125 0.702083 0.006250 0.008333
0 0.695312 0.716667 0.006250 0.008333
0 0.653125 0.700000 0.006250 0.008333
0 0.656250 0.737500 0.006250 0.008333
0 0.632812 0.820833 0.012500 0.016667
0 0.632812 0.806250 0.012500 0.016667
0 0.628125 0.800000 0.012500 0.016667
0 0.614062 0.806250 0.012500 0.016667
0 0.643750 0.658333 0.006250 0.008333
0 0.640625 0.668750 0.006250 0.008333
0 0.615625 0.660417 0.006250 0.008333
0 0.609375 0.647917 0.006250 0.008333
0 0.621875 0.706250 0.006250 0.008333
0 0.618750 0.700000 0.006250 0.008333
0 0.612500 0.706250 0.006250 0.008333
0 0.598437 0.697917 0.006250 0.008333
0 0.587500 0.700000 0.006250 0.008333
0 0.584375 0.731250 0.006250 0.008333
0 0.582812 0.656250 0.006250 0.008333
0 0.559375 0.650000 0.006250 0.008333
0 0.551562 0.666667 0.006250 0.008333
0 0.539062 0.668750 0.006250 0.008333
0 0.528125 0.660417 0.006250 0.008333
0 0.518750 0.635417 0.006250 0.008333
0 0.564063 0.706250 0.006250 0.008333
0 0.562500 0.708333 0.006250 0.008333
0 0.546875 0.706250 0.006250 0.008333
0 0.532813 0.693750 0.006250 0.008333
0 0.534375 0.704167 0.006250 0.008333
0 0.529687 0.710417 0.006250 0.008333
0 0.521875 0.722917 0.006250 0.008333
0 0.539062 0.747917 0.006250 0.008333
0 0.484375 0.779167 0.012500 0.016667
0 0.454688 0.756250 0.012500 0.016667
0 0.512500 0.677083 0.006250 0.008333
0 0.512500 0.685417 0.006250 0.008333
0 0.507812 0.670833 0.006250 0.008333
0 0.503125 0.647917 0.006250 0.008333
0 0.495312 0.652083 0.006250 0.008333
0 0.489063 0.650000 0.006250 0.008333
0 0.492188 0.687500 0.006250 0.008333
0 0.475000 0.683333 0.006250 0.008333
0 0.478125 0.691667 0.006250 0.008333
0 0.475000 0.662500 0.006250 0.008333
0 0.451562 0.635417 0.006250 0.008333
0 0.414062 0.637500 0.006250 0.008333
0 0.448437 0.679167 0.006250 0.008333
0 0.440625 0.664583 0.006250 0.008333
0 0.431250 0.664583 0.006250 0.008333
0 0.425000 0.664583 0.006250 0.008333
0 0.434375 0.702083 0.006250 0.008333
0 0.418750 0.731250 0.006250 0.008333
0 0.401562 0.712500 0.006250 0.008333
0 0.389062 0.720833 0.006250 0.008333
0 0.379688 0.727083 0.006250 0.008333
0 0.343750 0.722917 0.006250 0.008333
0 0.351562 0.652083 0.006250 0.008333
0 0.337500 0.637500 0.006250 0.008333
0 0.306250 0.672917 0.006250 0.008333
0 0.310937 0.716667 0.006250 0.008333
0 0.304688 0.756250 0.012500 0.016667
0 0.293750 0.750000 0.012500 0.016667
0 0.101562 0.704167 0.006250 0.008333
0 0.062500 0.722917 0.006250 0.008333