0 0.101562 0.708333 0.006250 0.008333
0 0.064062 0.725000 0.006250 0.008333
0 0.337500 0.641667 0.006250 0.008333
0 0.412500 0.641667 0.006250 0.008333
0 0.453125 0.633333 0.006250 0.008333
0 0.518750 0.637500 0.006250 0.008333
0 0.743750 0.633333 0.006250 0.008333
0 0.732812 0.635417 0.006250 0.008333
0 0.792188 0.641667 0.006250 0.008333
0 0.932813 0.643750 0.006250 0.008333
0 0.982812 0.702083 0.006250 0.008333
0 0.912500 0.718750 0.006250 0.008333
0 0.892188 0.716667 0.006250 0.008333
0 0.821875 0.687500 0.006250 0.008333
0 0.803125 0.687500 0.006250 0.008333
0 0.748437 0.654167 0.006250 0.008333
0 0.714063 0.672917 0.006250 0.008333
0 0.704688 0.666667 0.006250 0.008333
0 0.968750 0.781250 0.012500 0.016667
0 0.957812 0.775000 0.012500 0.016667
0 0.985938 0.864583 0.012500 0.016667
0 0.965625 0.841667 0.012500 0.016667
0 0.920312 0.847917 0.012500 0.016667
0 0.815625 0.806250 0.012500 0.016667
0 0.726562 0.743750 0.006250 0.008333
0 0.698438 0.691667 0.006250 0.008333
0 0.701562 0.704167 0.006250 0.008333
0 0.696875 0.716667 0.006250 0.008333
0 0.651563 0.700000 0.006250 0.008333
0 0.656250 0.741667 0.006250 0.008333
0 0.645312 0.658333 0.006250 0.008333
0 0.640625 0.670833 0.006250 0.008333
0 0.607812 0.650000 0.006250 0.008333
0 0.610938 0.658333 0.006250 0.008333
0 0.614062 0.662500 0.006250 0.008333
0 0.581250 0.656250 0.006250 0.008333
0 0.559375 0.650000 0.006250 0.008333
0 0.550000 0.664583 0.006250 0.008333
0 0.539062 0.670833 0.006250 0.008333
0 0.528125 0.662500 0.006250 0.008333
0 0.500000 0.647917 0.006250 0.008333
0 0.496875 0.647917 0.006250 0.008333
0 0.489063 0.650000 0.006250 0.008333
0 0.507812 0.666667 0.006250 0.008333
0 0.512500 0.675000 0.006250 0.008333
0 0.510938 0.685417 0.006250 0.008333
0 0.490625 0.685417 0.006250 0.008333
0 0.476562 0.687500 0.006250 0.008333
0 0.476562 0.693750 0.006250 0.008333
0 0.475000 0.666667 0.006250 0.008333
0 0.445312 0.679167 0.006250 0.008333
0 0.440625 0.666667 0.006250 0.008333
0 0.432812 0.662500 0.006250 0.008333
0 0.423438 0.662500 0.006250 0.008333
0 0.437500 0.704167 0.006250 0.008333
0 0.351562 0.652083 0.006250 0.008333
0 0.306250 0.668750 0.006250 0.008333
0 0.237500 0.754167 0.012500 0.016667
0 0.248438 0.745833 0.006250 0.008333
0 0.306250 0.754167 0.012500 0.016667
0 0.309375 0.718750 0.006250 0.008333
0 0.343750 0.722917 0.006250 0.008333
0 0.401562 0.714583 0.006250 0.008333
0 0.389062 0.720833 0.006250 0.008333
0 0.381250 0.725000 0.006250 0.008333
0 0.596875 0.697917 0.006250 0.008333
0 0.559375 0.700000 0.006250 0.008333
0 0.534375 0.695833 0.006250 0.008333
0 0.546875 0.704167 0.006250 0.008333
0 0.562500 0.710417 0.006250 0.008333
0 0.560937 0.712500 0.006250 0.008333
0 0.532813 0.708333 0.006250 0.008333
0 0.529687 0.710417 0.006250 0.008333
0 0.520312 0.722917 0.006250 0.008333
0 0.496875 0.714583 0.006250 0.008333
0 0.454688 0.756250 0.012500 0.016667
0 0.484375 0.781250 0.012500 0.016667
0 0.540625 0.752083 0.012500 0.016667
0 0.585938 0.733333 0.006250 0.008333
0 0.615625 0.702083 0.006250 0.008333
0 0.623437 0.708333 0.006250 0.008333
0 0.610938 0.708333 0.006250 0.008333
0 0.629687 0.820833 0.012500 0.016667
0 0.634375 0.806250 0.012500 0.016667
0 0.628125 0.802083 0.012500 0.016667
0 0.615625 0.806250 0.012500 0.016667