0 0.987500 0.862500 0.012500 0.016667
0 0.962500 0.839583 0.012500 0.016667
0 0.971875 0.781250 0.012500 0.016667
0 0.959375 0.772917 0.012500 0.016667
0 0.982812 0.702083 0.006250 0.008333
0 0.932813 0.645833 0.006250 0.008333
0 0.914062 0.720833 0.006250 0.008333
0 0.893750 0.714583 0.006250 0.008333
0 0.920312 0.852083 0.012500 0.016667
0 0.815625 0.804167 0.012500 0.016667
0 0.821875 0.687500 0.006250 0.008333
0 0.804688 0.687500 0.006250 0.008333
0 0.792188 0.641667 0.006250 0.008333
0 0.743750 0.635417 0.006250 0.008333
0 0.732812 0.633333 0.006250 0.008333
0 0.750000 0.656250 0.006250 0.008333
0 0.715625 0.672917 0.006250 0.008333
0 0.696875 0.693750 0.006250 0.008333
0 0.701562 0.702083 0.006250 0.008333
0 0.698438 0.718750 0.006250 0.008333
0 0.726562 0.745833 0.006250 0.008333
0 0.634375 0.804167 0.012500 0.016667
0 0.626563 0.802083 0.012500 0.016667
0 0.632812 0.818750 0.012500 0.016667
0 0.615625 0.808333 0.012500 0.016667
0 0.656250 0.741667 0.006250 0.008333
0 0.654687 0.700000 0.006250 0.008333
0 0.643750 0.672917 0.006250 0.008333
0 0.643750 0.658333 0.006250 0.008333
0 0.610938 0.652083 0.006250 0.008333
0 0.609375 0.662500 0.006250 0.008333
0 0.603125 0.677083 0.006250 0.008333
0 0.623437 0.706250 0.006250 0.008333
0 0.617188 0.702083 0.006250 0.008333
0 0.609375 0.704167 0.006250 0.008333
0 0.596875 0.700000 0.006250 0.008333
0 0.585938 0.735417 0.006250 0.008333
0 0.584375 0.656250 0.006250 0.008333
0 0.559375 0.652083 0.006250 0.008333
0 0.559375 0.666667 0.006250 0.008333
0 0.551562 0.666667 0.006250 0.008333
0 0.539062 0.668750 0.006250 0.008333
0 0.526563 0.662500 0.006250 0.008333
0 0.517188 0.635417 0.006250 0.008333
0 0.501563 0.647917 0.006250 0.008333
0 0.498437 0.650000 0.006250 0.008333
0 0.492188 0.654167 0.006250 0.008333
0 0.451562 0.631250 0.006250 0.008333
0 0.410938 0.639583 0.006250 0.008333
0 0.353125 0.652083 0.006250 0.008333
0 0.562500 0.708333 0.006250 0.008333
0 0.562500 0.712500 0.006250 0.008333
0 0.548438 0.706250 0.006250 0.008333
0 0.535937 0.695833 0.006250 0.008333
0 0.534375 0.704167 0.006250 0.008333
0 0.531250 0.706250 0.006250 0.008333
0 0.521875 0.720833 0.006250 0.008333
0 0.539062 0.752083 0.012500 0.016667
0 0.506250 0.666667 0.006250 0.008333
0 0.512500 0.675000 0.006250 0.008333
0 0.512500 0.685417 0.006250 0.008333
0 0.492188 0.683333 0.006250 0.008333
0 0.476562 0.687500 0.006250 0.008333
0 0.475000 0.691667 0.006250 0.008333
0 0.496875 0.714583 0.006250 0.008333
0 0.475000 0.662500 0.006250 0.008333
0 0.453125 0.677083 0.006250 0.008333
0 0.442188 0.679167 0.006250 0.008333
0 0.440625 0.666667 0.006250 0.008333
0 0.434375 0.662500 0.006250 0.008333
0 0.421875 0.664583 0.006250 0.008333
0 0.437500 0.702083 0.006250 0.008333
0 0.485938 0.779167 0.012500 0.016667
0 0.454688 0.758333 0.012500 0.016667
0 0.404687 0.712500 0.006250 0.008333
0 0.389062 0.718750 0.006250 0.008333
0 0.378125 0.727083 0.006250 0.008333
0 0.343750 0.718750 0.006250 0.008333
0 0.310937 0.718750 0.006250 0.008333
0 0.304688 0.756250 0.012500 0.016667
0 0.307812 0.670833 0.006250 0.008333
0 0.253125 0.660417 0.006250 0.008333
0 0.250000 0.747917 0.006250 0.008333
0 0.235937 0.754167 0.012500 0.016667
0 0.100000 0.706250 0.006250 0.008333
0 0.064062 0.725000 0.006250 0.008333