0 0.965625 0.837500 0.012500 0.016667
0 0.957812 0.841667 0.012500 0.016667
0 0.918750 0.852083 0.012500 0.016667
0 0.928125 0.768750 0.012500 0.016667
0 0.901563 0.745833 0.006250 0.008333
0 0.829688 0.677083 0.006250 0.008333
0 0.801562 0.687500 0.006250 0.008333
0 0.756250 0.656250 0.006250 0.008333
0 0.746875 0.652083 0.006250 0.008333
0 0.714063 0.666667 0.006250 0.008333
0 0.703125 0.650000 0.006250 0.008333
0 0.689063 0.660417 0.006250 0.008333
0 0.698438 0.697917 0.006250 0.008333
0 0.696875 0.716667 0.006250 0.008333
0 0.726562 0.745833 0.006250 0.008333
0 0.831250 0.770833 0.012500 0.016667
0 0.843750 0.812500 0.012500 0.016667
0 0.803125 0.772917 0.012500 0.016667
0 0.793750 0.772917 0.012500 0.016667
0 0.640625 0.827083 0.012500 0.016667
0 0.632812 0.806250 0.012500 0.016667
0 0.628125 0.804167 0.012500 0.016667
0 0.617188 0.810417 0.012500 0.016667
0 0.573438 0.833333 0.012500 0.016667
0 0.657813 0.737500 0.006250 0.008333
0 0.640625 0.670833 0.006250 0.008333
0 0.614062 0.660417 0.006250 0.008333
0 0.609375 0.652083 0.006250 0.008333
0 0.610938 0.635417 0.006250 0.008333
0 0.587500 0.637500 0.006250 0.008333
0 0.587500 0.645833 0.006250 0.008333
0 0.581250 0.654167 0.006250 0.008333
0 0.564063 0.662500 0.006250 0.008333
0 0.560937 0.647917 0.006250 0.008333
0 0.562500 0.631250 0.006250 0.008333
0 0.517188 0.633333 0.006250 0.008333
0 0.521875 0.660417 0.006250 0.008333
0 0.540625 0.670833 0.006250 0.008333
0 0.543750 0.679167 0.006250 0.008333
0 0.623437 0.708333 0.006250 0.008333
0 0.610938 0.706250 0.006250 0.008333
0 0.607812 0.700000 0.006250 0.008333
0 0.603125 0.691667 0.006250 0.008333
0 0.590625 0.695833 0.006250 0.008333
0 0.584375 0.695833 0.006250 0.008333
0 0.585938 0.733333 0.006250 0.008333
0 0.534375 0.695833 0.006250 0.008333
0 0.543750 0.695833 0.006250 0.008333
0 0.551562 0.700000 0.006250 0.008333
0 0.560937 0.714583 0.006250 0.008333
0 0.557813 0.737500 0.006250 0.008333
0 0.539062 0.752083 0.012500 0.016667
0 0.550000 0.779167 0.012500 0.016667
0 0.534375 0.704167 0.006250 0.008333
0 0.529687 0.708333 0.006250 0.008333
0 0.520312 0.722917 0.006250 0.008333
0 0.495312 0.635417 0.006250 0.008333
0 0.501563 0.647917 0.006250 0.008333
0 0.496875 0.650000 0.006250 0.008333
0 0.492188 0.650000 0.006250 0.008333
0 0.496875 0.662500 0.006250 0.008333
0 0.506250 0.666667 0.006250 0.008333
0 0.514062 0.677083 0.006250 0.008333
0 0.509375 0.687500 0.006250 0.008333
0 0.501563 0.681250 0.006250 0.008333
0 0.493750 0.685417 0.006250 0.008333
0 0.496875 0.697917 0.006250 0.008333
0 0.498437 0.714583 0.006250 0.008333
0 0.476562 0.687500 0.006250 0.008333
0 0.479687 0.691667 0.006250 0.008333
0 0.476562 0.702083 0.006250 0.008333
0 0.484375 0.725000 0.006250 0.008333
0 0.493750 0.785417 0.012500 0.016667
0 0.482812 0.777083 0.012500 0.016667
0 0.456250 0.758333 0.012500 0.016667
0 0.445312 0.745833 0.006250 0.008333
0 0.454688 0.725000 0.006250 0.008333
0 0.453125 0.633333 0.006250 0.008333
0 0.440625 0.650000 0.006250 0.008333
0 0.440625 0.666667 0.006250 0.008333
0 0.446875 0.679167 0.006250 0.008333
0 0.437500 0.702083 0.006250 0.008333
0 0.426563 0.706250 0.006250 0.008333
0 0.421875 0.662500 0.006250 0.008333
0 0.414062 0.641667 0.006250 0.008333
0 0.390625 0.637500 0.006250 0.008333
0 0.406250 0.710417 0.006250 0.008333
0 0.376563 0.697917 0.006250 0.008333
0 0.359375 0.710417 0.006250 0.008333
0 0.351562 0.652083 0.006250 0.008333
0 0.337500 0.639583 0.006250 0.008333
0 0.300000 0.656250 0.006250 0.008333
0 0.307812 0.670833 0.006250 0.008333
0 0.064062 0.725000 0.006250 0.008333