0 0.964063 0.835417 0.012500 0.016667
0 0.957812 0.839583 0.012500 0.016667
0 0.926562 0.766667 0.012500 0.016667
0 0.920312 0.850000 0.012500 0.016667
0 0.843750 0.816667 0.012500 0.016667
0 0.829688 0.768750 0.012500 0.016667
0 0.829688 0.677083 0.006250 0.008333
0 0.803125 0.687500 0.006250 0.008333
0 0.767188 0.660417 0.006250 0.008333
0 0.759375 0.654167 0.006250 0.008333
0 0.748437 0.650000 0.006250 0.008333
0 0.731250 0.635417 0.006250 0.008333
0 0.706250 0.645833 0.006250 0.008333
0 0.700000 0.650000 0.006250 0.008333
0 0.715625 0.664583 0.006250 0.008333
0 0.690625 0.656250 0.006250 0.008333
0 0.696875 0.693750 0.006250 0.008333
0 0.696875 0.714583 0.006250 0.008333
0 0.725000 0.747917 0.006250 0.008333
0 0.657813 0.737500 0.006250 0.008333
0 0.645312 0.735417 0.006250 0.008333
0 0.640625 0.668750 0.006250 0.008333
0 0.634375 0.639583 0.006250 0.008333
0 0.609375 0.633333 0.006250 0.008333
0 0.609375 0.654167 0.006250 0.008333
0 0.614062 0.660417 0.006250 0.008333
0 0.621875 0.706250 0.006250 0.008333
0 0.643750 0.825000 0.012500 0.016667
0 0.632812 0.806250 0.012500 0.016667
0 0.629687 0.802083 0.012500 0.016667
0 0.617188 0.806250 0.012500 0.016667
0 0.571875 0.831250 0.012500 0.016667
0 0.587500 0.643750 0.006250 0.008333
0 0.582812 0.656250 0.006250 0.008333
0 0.603125 0.695833 0.006250 0.008333
0 0.607812 0.697917 0.006250 0.008333
0 0.612500 0.708333 0.006250 0.008333
0 0.592187 0.697917 0.006250 0.008333
0 0.582812 0.697917 0.006250 0.008333
0 0.560937 0.650000 0.006250 0.008333
0 0.565625 0.660417 0.006250 0.008333
0 0.585938 0.733333 0.006250 0.008333
0 0.546875 0.637500 0.006250 0.008333
0 0.543750 0.641667 0.006250 0.008333
0 0.540625 0.668750 0.006250 0.008333
0 0.542188 0.679167 0.006250 0.008333
0 0.562500 0.714583 0.006250 0.008333
0 0.553125 0.704167 0.006250 0.008333
0 0.548438 0.700000 0.006250 0.008333
0 0.542188 0.695833 0.006250 0.008333
0 0.534375 0.693750 0.006250 0.008333
0 0.534375 0.706250 0.006250 0.008333
0 0.531250 0.710417 0.006250 0.008333
0 0.518750 0.635417 0.006250 0.008333
0 0.523438 0.662500 0.006250 0.008333
0 0.495312 0.633333 0.006250 0.008333
0 0.501563 0.645833 0.006250 0.008333
0 0.498437 0.650000 0.006250 0.008333
0 0.489063 0.650000 0.006250 0.008333
0 0.498437 0.658333 0.006250 0.008333
0 0.506250 0.664583 0.006250 0.008333
0 0.512500 0.675000 0.006250 0.008333
0 0.510938 0.687500 0.006250 0.008333
0 0.501563 0.681250 0.006250 0.008333
0 0.492188 0.687500 0.006250 0.008333
0 0.496875 0.697917 0.006250 0.008333
0 0.500000 0.714583 0.006250 0.008333
0 0.512500 0.718750 0.006250 0.008333
0 0.521875 0.722917 0.006250 0.008333
0 0.540625 0.752083 0.012500 0.016667
0 0.550000 0.779167 0.012500 0.016667
0 0.492188 0.783333 0.012500 0.016667
0 0.484375 0.781250 0.012500 0.016667
0 0.476562 0.685417 0.006250 0.008333
0 0.476562 0.693750 0.006250 0.008333
0 0.478125 0.704167 0.006250 0.008333
0 0.451562 0.631250 0.006250 0.008333
0 0.439063 0.650000 0.006250 0.008333
0 0.440625 0.666667 0.006250 0.008333
0 0.445312 0.677083 0.006250 0.008333
0 0.437500 0.704167 0.006250 0.008333
0 0.428125 0.706250 0.006250 0.008333
0 0.453125 0.725000 0.006250 0.008333
0 0.456250 0.758333 0.012500 0.016667
0 0.423438 0.662500 0.006250 0.008333
0 0.410938 0.639583 0.006250 0.008333
0 0.390625 0.635417 0.006250 0.008333
0 0.337500 0.639583 0.006250 0.008333
0 0.351562 0.652083 0.006250 0.008333
0 0.376563 0.700000 0.006250 0.008333
0 0.357812 0.708333 0.006250 0.008333
0 0.304688 0.670833 0.006250 0.008333
0 0.301563 0.656250 0.006250 0.008333
0 0.101562 0.706250 0.006250 0.008333
0 0.062500 0.725000 0.006250 0.008333