0 0.965625 0.770833 0.012500 0.016667
0 0.950000 0.760417 0.012500 0.016667
0 0.943750 0.764583 0.012500 0.016667
0 0.964063 0.837500 0.012500 0.016667
0 0.957812 0.837500 0.012500 0.016667
0 0.946875 0.850000 0.012500 0.016667
0 0.939063 0.831250 0.012500 0.016667
0 0.921875 0.854167 0.012500 0.016667
0 0.904687 0.891667 0.012500 0.016667
0 0.828125 0.679167 0.006250 0.008333
0 0.832812 0.770833 0.012500 0.016667
0 0.759375 0.656250 0.006250 0.008333
0 0.746875 0.650000 0.006250 0.008333
0 0.804688 0.685417 0.006250 0.008333
0 0.762500 0.706250 0.006250 0.008333
0 0.781250 0.850000 0.012500 0.016667
0 0.701562 0.650000 0.006250 0.008333
0 0.712500 0.664583 0.006250 0.008333
0 0.687500 0.660417 0.006250 0.008333
0 0.715625 0.702083 0.006250 0.008333
0 0.742188 0.739583 0.006250 0.008333
0 0.726562 0.747917 0.006250 0.008333
0 0.698438 0.716667 0.006250 0.008333
0 0.679688 0.745833 0.006250 0.008333
0 0.679688 0.758333 0.012500 0.016667
0 0.675000 0.756250 0.012500 0.016667
0 0.689063 0.810417 0.012500 0.016667
0 0.718750 0.835417 0.012500 0.016667
0 0.657813 0.681250 0.006250 0.008333
0 0.642188 0.670833 0.006250 0.008333
0 0.615625 0.658333 0.006250 0.008333
0 0.609375 0.652083 0.006250 0.008333
0 0.589063 0.643750 0.006250 0.008333
0 0.582812 0.658333 0.006250 0.008333
0 0.559375 0.650000 0.006250 0.008333
0 0.628125 0.687500 0.006250 0.008333
0 0.628125 0.697917 0.006250 0.008333
0 0.625000 0.704167 0.006250 0.008333
0 0.617188 0.706250 0.006250 0.008333
0 0.612500 0.708333 0.006250 0.008333
0 0.610938 0.702083 0.006250 0.008333
0 0.598437 0.689583 0.006250 0.008333
0 0.582812 0.695833 0.006250 0.008333
0 0.578125 0.693750 0.006250 0.008333
0 0.578125 0.714583 0.006250 0.008333
0 0.570312 0.741667 0.006250 0.008333
0 0.562500 0.714583 0.006250 0.008333
0 0.550000 0.700000 0.006250 0.008333
0 0.540625 0.697917 0.006250 0.008333
0 0.532813 0.693750 0.006250 0.008333
0 0.531250 0.708333 0.006250 0.008333
0 0.512500 0.675000 0.006250 0.008333
0 0.503125 0.647917 0.006250 0.008333
0 0.496875 0.652083 0.006250 0.008333
0 0.490625 0.650000 0.006250 0.008333
0 0.509375 0.689583 0.006250 0.008333
0 0.501563 0.689583 0.006250 0.008333
0 0.495312 0.697917 0.006250 0.008333
0 0.492188 0.689583 0.006250 0.008333
0 0.509375 0.718750 0.006250 0.008333
0 0.503125 0.708333 0.006250 0.008333
0 0.496875 0.714583 0.006250 0.008333
0 0.456250 0.712500 0.006250 0.008333
0 0.446875 0.679167 0.006250 0.008333
0 0.440625 0.650000 0.006250 0.008333
0 0.373437 0.635417 0.006250 0.008333
0 0.306250 0.672917 0.006250 0.008333
0 0.367188 0.702083 0.006250 0.008333
0 0.356250 0.704167 0.006250 0.008333
0 0.268750 0.752083 0.012500 0.016667
0 0.184375 0.706250 0.006250 0.008333
0 0.650000 0.743750 0.006250 0.008333
0 0.659375 0.766667 0.012500 0.016667
0 0.650000 0.772917 0.012500 0.016667
0 0.637500 0.768750 0.012500 0.016667
0 0.628125 0.735417 0.006250 0.008333
0 0.623437 0.727083 0.006250 0.008333
0 0.610938 0.737500 0.006250 0.008333
0 0.600000 0.737500 0.006250 0.008333
0 0.603125 0.756250 0.012500 0.016667
0 0.518750 0.777083 0.012500 0.016667
0 0.500000 0.743750 0.006250 0.008333
0 0.506250 0.785417 0.012500 0.016667
0 0.493750 0.775000 0.012500 0.016667
0 0.484375 0.777083 0.012500 0.016667
0 0.476562 0.775000 0.012500 0.016667
0 0.468750 0.750000 0.012500 0.016667
0 0.454688 0.758333 0.012500 0.016667
0 0.429688 0.739583 0.006250 0.008333