0 0.981250 0.704167 0.006250 0.008333
0 0.932813 0.645833 0.006250 0.008333
0 0.914062 0.722917 0.006250 0.008333
0 0.893750 0.714583 0.006250 0.008333
0 0.970313 0.779167 0.012500 0.016667
0 0.959375 0.775000 0.012500 0.016667
0 0.984375 0.858333 0.012500 0.016667
0 0.962500 0.837500 0.012500 0.016667
0 0.920312 0.854167 0.012500 0.016667
0 0.815625 0.804167 0.012500 0.016667
0 0.820312 0.687500 0.006250 0.008333
0 0.803125 0.687500 0.006250 0.008333
0 0.792188 0.641667 0.006250 0.008333
0 0.743750 0.633333 0.006250 0.008333
0 0.732812 0.635417 0.006250 0.008333
0 0.746875 0.652083 0.006250 0.008333
0 0.714063 0.672917 0.006250 0.008333
0 0.725000 0.747917 0.006250 0.008333
0 0.701562 0.704167 0.006250 0.008333
0 0.696875 0.693750 0.006250 0.008333
0 0.696875 0.718750 0.006250 0.008333
0 0.657813 0.741667 0.006250 0.008333
0 0.653125 0.700000 0.006250 0.008333
0 0.664062 0.668750 0.006250 0.008333
0 0.643750 0.658333 0.006250 0.008333
0 0.631250 0.820833 0.012500 0.016667
0 0.632812 0.808333 0.012500 0.016667
0 0.628125 0.804167 0.012500 0.016667
0 0.615625 0.808333 0.012500 0.016667
0 0.623437 0.708333 0.006250 0.008333
0 0.617188 0.702083 0.006250 0.008333
0 0.610938 0.708333 0.006250 0.008333
0 0.617188 0.675000 0.006250 0.008333
0 0.610938 0.662500 0.006250 0.008333
0 0.609375 0.652083 0.006250 0.008333
0 0.582812 0.656250 0.006250 0.008333
0 0.579688 0.664583 0.006250 0.008333
0 0.595313 0.697917 0.006250 0.008333
0 0.584375 0.735417 0.006250 0.008333
0 0.539062 0.752083 0.012500 0.016667
0 0.559375 0.712500 0.006250 0.008333
0 0.562500 0.708333 0.006250 0.008333
0 0.546875 0.706250 0.006250 0.008333
0 0.559375 0.650000 0.006250 0.008333
0 0.551562 0.668750 0.006250 0.008333
0 0.539062 0.670833 0.006250 0.008333
0 0.526563 0.660417 0.006250 0.008333
0 0.517188 0.635417 0.006250 0.008333
0 0.500000 0.647917 0.006250 0.008333
0 0.496875 0.650000 0.006250 0.008333
0 0.490625 0.654167 0.006250 0.008333
0 0.507812 0.664583 0.006250 0.008333
0 0.512500 0.677083 0.006250 0.008333
0 0.509375 0.687500 0.006250 0.008333
0 0.534375 0.691667 0.006250 0.008333
0 0.534375 0.708333 0.006250 0.008333
0 0.529687 0.706250 0.006250 0.008333
0 0.520312 0.720833 0.006250 0.008333
0 0.498437 0.714583 0.006250 0.008333
0 0.490625 0.685417 0.006250 0.008333
0 0.481250 0.687500 0.006250 0.008333
0 0.478125 0.689583 0.006250 0.008333
0 0.473438 0.693750 0.006250 0.008333
0 0.475000 0.664583 0.006250 0.008333
0 0.450000 0.633333 0.006250 0.008333
0 0.410938 0.639583 0.006250 0.008333
0 0.440625 0.666667 0.006250 0.008333
0 0.434375 0.664583 0.006250 0.008333
0 0.423438 0.664583 0.006250 0.008333
0 0.445312 0.679167 0.006250 0.008333
0 0.437500 0.704167 0.006250 0.008333
0 0.403125 0.710417 0.006250 0.008333
0 0.389062 0.720833 0.006250 0.008333
0 0.378125 0.727083 0.006250 0.008333
0 0.454688 0.756250 0.012500 0.016667
0 0.484375 0.779167 0.012500 0.016667
0 0.346875 0.720833 0.006250 0.008333
0 0.351562 0.650000 0.006250 0.008333
0 0.304688 0.670833 0.006250 0.008333
0 0.312500 0.716667 0.006250 0.008333
0 0.306250 0.754167 0.012500 0.016667
0 0.248438 0.747917 0.006250 0.008333
0 0.234375 0.756250 0.012500 0.016667
0 0.251563 0.662500 0.006250 0.008333
0 0.098437 0.708333 0.006250 0.008333
0 0.064062 0.725000 0.006250 0.008333