0 0.965625 0.837500 0.012500 0.016667
0 0.957812 0.843750 0.012500 0.016667
0 0.946875 0.852083 0.012500 0.016667
0 0.921875 0.852083 0.012500 0.016667
0 0.950000 0.927083 0.012500 0.016667
0 0.926562 0.764583 0.012500 0.016667
0 0.831250 0.768750 0.012500 0.016667
0 0.829688 0.679167 0.006250 0.008333
0 0.804688 0.687500 0.006250 0.008333
0 0.757812 0.654167 0.006250 0.008333
0 0.746875 0.656250 0.006250 0.008333
0 0.781250 0.847917 0.012500 0.016667
0 0.731250 0.702083 0.006250 0.008333
0 0.712500 0.664583 0.006250 0.008333
0 0.704688 0.652083 0.006250 0.008333
0 0.687500 0.662500 0.006250 0.008333
0 0.696875 0.716667 0.006250 0.008333
0 0.726562 0.745833 0.006250 0.008333
0 0.670312 0.745833 0.006250 0.008333
0 0.657813 0.741667 0.006250 0.008333
0 0.650000 0.741667 0.006250 0.008333
0 0.640625 0.829167 0.012500 0.016667
0 0.631250 0.806250 0.012500 0.016667
0 0.628125 0.804167 0.012500 0.016667
0 0.615625 0.808333 0.012500 0.016667
0 0.625000 0.752083 0.012500 0.016667
0 0.642188 0.672917 0.006250 0.008333
0 0.628125 0.687500 0.006250 0.008333
0 0.621875 0.706250 0.006250 0.008333
0 0.615625 0.662500 0.006250 0.008333
0 0.609375 0.654167 0.006250 0.008333
0 0.585938 0.645833 0.006250 0.008333
0 0.581250 0.654167 0.006250 0.008333
0 0.559375 0.647917 0.006250 0.008333
0 0.565625 0.660417 0.006250 0.008333
0 0.610938 0.708333 0.006250 0.008333
0 0.607812 0.697917 0.006250 0.008333
0 0.603125 0.689583 0.006250 0.008333
0 0.590625 0.695833 0.006250 0.008333
0 0.584375 0.695833 0.006250 0.008333
0 0.585938 0.737500 0.006250 0.008333
0 0.560937 0.683333 0.006250 0.008333
0 0.562500 0.714583 0.006250 0.008333
0 0.559375 0.741667 0.006250 0.008333
0 0.575000 0.831250 0.012500 0.016667
0 0.550000 0.781250 0.012500 0.016667
0 0.540625 0.752083 0.012500 0.016667
0 0.550000 0.706250 0.006250 0.008333
0 0.551562 0.697917 0.006250 0.008333
0 0.542188 0.679167 0.006250 0.008333
0 0.543750 0.700000 0.006250 0.008333
0 0.534375 0.693750 0.006250 0.008333
0 0.531250 0.706250 0.006250 0.008333
0 0.518750 0.725000 0.006250 0.008333
0 0.523438 0.662500 0.006250 0.008333
0 0.503125 0.645833 0.006250 0.008333
0 0.496875 0.650000 0.006250 0.008333
0 0.492188 0.650000 0.006250 0.008333
0 0.496875 0.660417 0.006250 0.008333
0 0.507812 0.666667 0.006250 0.008333
0 0.512500 0.675000 0.006250 0.008333
0 0.510938 0.687500 0.006250 0.008333
0 0.504687 0.683333 0.006250 0.008333
0 0.492188 0.685417 0.006250 0.008333
0 0.495312 0.697917 0.006250 0.008333
0 0.496875 0.716667 0.006250 0.008333
0 0.485938 0.700000 0.006250 0.008333
0 0.481250 0.693750 0.006250 0.008333
0 0.476562 0.687500 0.006250 0.008333
0 0.475000 0.704167 0.006250 0.008333
0 0.446875 0.629167 0.006250 0.008333
0 0.440625 0.650000 0.006250 0.008333
0 0.439063 0.666667 0.006250 0.008333
0 0.445312 0.681250 0.006250 0.008333
0 0.423438 0.664583 0.006250 0.008333
0 0.437500 0.704167 0.006250 0.008333
0 0.428125 0.708333 0.006250 0.008333
0 0.454688 0.725000 0.006250 0.008333
0 0.446875 0.731250 0.006250 0.008333
0 0.429688 0.737500 0.006250 0.008333
0 0.415625 0.727083 0.006250 0.008333
0 0.454688 0.758333 0.012500 0.016667
0 0.484375 0.779167 0.012500 0.016667
0 0.492188 0.787500 0.012500 0.016667
0 0.357812 0.820833 0.012500 0.016667
0 0.412500 0.641667 0.006250 0.008333
0 0.390625 0.633333 0.006250 0.008333
0 0.351562 0.652083 0.006250 0.008333
0 0.335938 0.639583 0.006250 0.008333
0 0.306250 0.670833 0.006250 0.008333
0 0.301563 0.656250 0.006250 0.008333
0 0.376563 0.695833 0.006250 0.008333
0 0.359375 0.706250 0.006250 0.008333