0 0.965625 0.839583 0.012500 0.016667
0 0.957812 0.841667 0.012500 0.016667
0 0.920312 0.854167 0.012500 0.016667
0 0.926562 0.764583 0.012500 0.016667
0 0.843750 0.814583 0.012500 0.016667
0 0.856250 0.727083 0.006250 0.008333
0 0.831250 0.768750 0.012500 0.016667
0 0.829688 0.679167 0.006250 0.008333
0 0.804688 0.687500 0.006250 0.008333
0 0.757812 0.654167 0.006250 0.008333
0 0.746875 0.654167 0.006250 0.008333
0 0.714063 0.664583 0.006250 0.008333
0 0.703125 0.652083 0.006250 0.008333
0 0.689063 0.658333 0.006250 0.008333
0 0.664062 0.654167 0.006250 0.008333
0 0.609375 0.635417 0.006250 0.008333
0 0.585938 0.635417 0.006250 0.008333
0 0.562500 0.631250 0.006250 0.008333
0 0.518750 0.635417 0.006250 0.008333
0 0.493750 0.635417 0.006250 0.008333
0 0.451562 0.633333 0.006250 0.008333
0 0.412500 0.641667 0.006250 0.008333
0 0.389062 0.637500 0.006250 0.008333
0 0.335938 0.639583 0.006250 0.008333
0 0.351562 0.652083 0.006250 0.008333
0 0.300000 0.658333 0.006250 0.008333
0 0.306250 0.670833 0.006250 0.008333
0 0.100000 0.708333 0.006250 0.008333
0 0.062500 0.725000 0.006250 0.008333
0 0.789062 0.756250 0.012500 0.016667
0 0.784375 0.760417 0.012500 0.016667
0 0.725000 0.747917 0.006250 0.008333
0 0.696875 0.716667 0.006250 0.008333
0 0.696875 0.693750 0.006250 0.008333
0 0.642188 0.670833 0.006250 0.008333
0 0.656250 0.741667 0.006250 0.008333
0 0.615625 0.660417 0.006250 0.008333
0 0.609375 0.652083 0.006250 0.008333
0 0.585938 0.643750 0.006250 0.008333
0 0.582812 0.658333 0.006250 0.008333
0 0.565625 0.660417 0.006250 0.008333
0 0.559375 0.650000 0.006250 0.008333
0 0.621875 0.706250 0.006250 0.008333
0 0.610938 0.710417 0.006250 0.008333
0 0.609375 0.700000 0.006250 0.008333
0 0.601562 0.691667 0.006250 0.008333
0 0.590625 0.695833 0.006250 0.008333
0 0.582812 0.695833 0.006250 0.008333
0 0.585938 0.735417 0.006250 0.008333
0 0.640625 0.825000 0.012500 0.016667
0 0.632812 0.806250 0.012500 0.016667
0 0.626563 0.802083 0.012500 0.016667
0 0.617188 0.808333 0.012500 0.016667
0 0.571875 0.831250 0.012500 0.016667
0 0.562500 0.716667 0.006250 0.008333
0 0.554688 0.704167 0.006250 0.008333
0 0.550000 0.700000 0.006250 0.008333
0 0.542188 0.679167 0.006250 0.008333
0 0.540625 0.670833 0.006250 0.008333
0 0.521875 0.662500 0.006250 0.008333
0 0.501563 0.647917 0.006250 0.008333
0 0.496875 0.652083 0.006250 0.008333
0 0.490625 0.652083 0.006250 0.008333
0 0.496875 0.662500 0.006250 0.008333
0 0.507812 0.666667 0.006250 0.008333
0 0.514062 0.675000 0.006250 0.008333
0 0.509375 0.687500 0.006250 0.008333
0 0.540625 0.697917 0.006250 0.008333
0 0.534375 0.691667 0.006250 0.008333
0 0.532813 0.708333 0.006250 0.008333
0 0.528125 0.710417 0.006250 0.008333
0 0.521875 0.720833 0.006250 0.008333
0 0.556250 0.737500 0.006250 0.008333
0 0.539062 0.750000 0.012500 0.016667
0 0.550000 0.779167 0.012500 0.016667
0 0.495312 0.785417 0.012500 0.016667
0 0.484375 0.779167 0.012500 0.016667
0 0.503125 0.681250 0.006250 0.008333
0 0.490625 0.685417 0.006250 0.008333
0 0.495312 0.693750 0.006250 0.008333
0 0.500000 0.710417 0.006250 0.008333
0 0.496875 0.716667 0.006250 0.008333
0 0.493750 0.720833 0.006250 0.008333
0 0.476562 0.685417 0.006250 0.008333
0 0.478125 0.691667 0.006250 0.008333
0 0.476562 0.700000 0.006250 0.008333
0 0.439063 0.650000 0.006250 0.008333
0 0.440625 0.666667 0.006250 0.008333
0 0.445312 0.677083 0.006250 0.008333
0 0.423438 0.662500 0.006250 0.008333
0 0.435937 0.702083 0.006250 0.008333
0 0.428125 0.706250 0.006250 0.008333
0 0.451562 0.725000 0.006250 0.008333
0 0.468750 0.735417 0.006250 0.008333
0 0.456250 0.756250 0.012500 0.016667
0 0.376563 0.697917 0.006250 0.008333
0 0.382812 0.706250 0.006250 0.008333
0 0.356250 0.708333 0.006250 0.008333