0 0.982812 0.704167 0.006250 0.008333
0 0.932813 0.645833 0.006250 0.008333
0 0.920312 0.681250 0.006250 0.008333
0 0.926562 0.766667 0.012500 0.016667
0 0.967187 0.837500 0.012500 0.016667
0 0.959375 0.839583 0.012500 0.016667
0 0.921875 0.852083 0.012500 0.016667
0 0.831250 0.768750 0.012500 0.016667
0 0.817187 0.804167 0.012500 0.016667
0 0.829688 0.677083 0.006250 0.008333
0 0.790625 0.641667 0.006250 0.008333
0 0.803125 0.687500 0.006250 0.008333
0 0.742188 0.633333 0.006250 0.008333
0 0.748437 0.654167 0.006250 0.008333
0 0.701562 0.650000 0.006250 0.008333
0 0.715625 0.662500 0.006250 0.008333
0 0.715625 0.672917 0.006250 0.008333
0 0.696875 0.693750 0.006250 0.008333
0 0.696875 0.716667 0.006250 0.008333
0 0.726562 0.750000 0.012500 0.016667
0 0.657813 0.741667 0.006250 0.008333
0 0.632812 0.820833 0.012500 0.016667
0 0.632812 0.808333 0.012500 0.016667
0 0.628125 0.802083 0.012500 0.016667
0 0.615625 0.806250 0.012500 0.016667
0 0.642188 0.672917 0.006250 0.008333
0 0.635938 0.641667 0.006250 0.008333
0 0.615625 0.660417 0.006250 0.008333
0 0.609375 0.654167 0.006250 0.008333
0 0.582812 0.656250 0.006250 0.008333
0 0.567187 0.660417 0.006250 0.008333
0 0.560937 0.650000 0.006250 0.008333
0 0.517188 0.635417 0.006250 0.008333
0 0.450000 0.633333 0.006250 0.008333
0 0.414062 0.641667 0.006250 0.008333
0 0.350000 0.652083 0.006250 0.008333
0 0.335938 0.641667 0.006250 0.008333
0 0.304688 0.670833 0.006250 0.008333
0 0.253125 0.662500 0.006250 0.008333
0 0.100000 0.706250 0.006250 0.008333
0 0.064062 0.725000 0.006250 0.008333
0 0.529687 0.656250 0.006250 0.008333
0 0.521875 0.662500 0.006250 0.008333
0 0.503125 0.645833 0.006250 0.008333
0 0.496875 0.654167 0.006250 0.008333
0 0.492188 0.650000 0.006250 0.008333
0 0.475000 0.664583 0.006250 0.008333
0 0.445312 0.679167 0.006250 0.008333
0 0.440625 0.666667 0.006250 0.008333
0 0.434375 0.664583 0.006250 0.008333
0 0.423438 0.664583 0.006250 0.008333
0 0.506250 0.666667 0.006250 0.008333
0 0.539062 0.668750 0.006250 0.008333
0 0.545312 0.681250 0.006250 0.008333
0 0.621875 0.706250 0.006250 0.008333
0 0.612500 0.697917 0.006250 0.008333
0 0.607812 0.700000 0.006250 0.008333
0 0.610938 0.712500 0.006250 0.008333
0 0.585938 0.735417 0.006250 0.008333
0 0.560937 0.714583 0.006250 0.008333
0 0.556250 0.697917 0.006250 0.008333
0 0.553125 0.706250 0.006250 0.008333
0 0.553125 0.697917 0.006250 0.008333
0 0.534375 0.691667 0.006250 0.008333
0 0.532813 0.706250 0.006250 0.008333
0 0.528125 0.710417 0.006250 0.008333
0 0.512500 0.677083 0.006250 0.008333
0 0.510938 0.683333 0.006250 0.008333
0 0.512500 0.687500 0.006250 0.008333
0 0.492188 0.685417 0.006250 0.008333
0 0.476562 0.689583 0.006250 0.008333
0 0.476562 0.695833 0.006250 0.008333
0 0.476562 0.704167 0.006250 0.008333
0 0.548438 0.783333 0.012500 0.016667
0 0.542188 0.752083 0.012500 0.016667
0 0.521875 0.720833 0.006250 0.008333
0 0.512500 0.718750 0.006250 0.008333
0 0.498437 0.716667 0.006250 0.008333
0 0.434375 0.706250 0.006250 0.008333
0 0.403125 0.710417 0.006250 0.008333
0 0.390625 0.718750 0.006250 0.008333
0 0.385937 0.727083 0.006250 0.008333
0 0.375000 0.725000 0.006250 0.008333
0 0.345313 0.720833 0.006250 0.008333
0 0.309375 0.718750 0.006250 0.008333
0 0.484375 0.781250 0.012500 0.016667
0 0.456250 0.756250 0.012500 0.016667