0 0.928125 0.768750 0.012500 0.016667
0 0.962500 0.837500 0.012500 0.016667
0 0.953125 0.837500 0.012500 0.016667
0 0.948438 0.854167 0.012500 0.016667
0 0.923438 0.854167 0.012500 0.016667
0 0.970313 0.943750 0.012500 0.016667
0 0.831250 0.770833 0.012500 0.016667
0 0.782813 0.850000 0.012500 0.016667
0 0.829688 0.677083 0.006250 0.008333
0 0.801562 0.687500 0.006250 0.008333
0 0.759375 0.654167 0.006250 0.008333
0 0.746875 0.652083 0.006250 0.008333
0 0.750000 0.704167 0.006250 0.008333
0 0.715625 0.666667 0.006250 0.008333
0 0.701562 0.650000 0.006250 0.008333
0 0.689063 0.660417 0.006250 0.008333
0 0.723437 0.720833 0.006250 0.008333
0 0.726562 0.743750 0.006250 0.008333
0 0.735938 0.768750 0.012500 0.016667
0 0.696875 0.716667 0.006250 0.008333
0 0.673438 0.743750 0.006250 0.008333
0 0.648438 0.745833 0.006250 0.008333
0 0.675000 0.789583 0.012500 0.016667
0 0.642188 0.822917 0.012500 0.016667
0 0.635938 0.804167 0.012500 0.016667
0 0.626563 0.804167 0.012500 0.016667
0 0.615625 0.806250 0.012500 0.016667
0 0.573438 0.831250 0.012500 0.016667
0 0.370312 0.822917 0.012500 0.016667
0 0.642188 0.670833 0.006250 0.008333
0 0.615625 0.658333 0.006250 0.008333
0 0.609375 0.652083 0.006250 0.008333
0 0.587500 0.643750 0.006250 0.008333
0 0.582812 0.656250 0.006250 0.008333
0 0.565625 0.660417 0.006250 0.008333
0 0.559375 0.647917 0.006250 0.008333
0 0.542188 0.679167 0.006250 0.008333
0 0.521875 0.660417 0.006250 0.008333
0 0.500000 0.645833 0.006250 0.008333
0 0.496875 0.650000 0.006250 0.008333
0 0.492188 0.650000 0.006250 0.008333
0 0.496875 0.658333 0.006250 0.008333
0 0.507812 0.666667 0.006250 0.008333
0 0.515625 0.675000 0.006250 0.008333
0 0.509375 0.685417 0.006250 0.008333
0 0.500000 0.681250 0.006250 0.008333
0 0.493750 0.687500 0.006250 0.008333
0 0.495312 0.693750 0.006250 0.008333
0 0.500000 0.706250 0.006250 0.008333
0 0.496875 0.714583 0.006250 0.008333
0 0.476562 0.689583 0.006250 0.008333
0 0.548438 0.702083 0.006250 0.008333
0 0.542188 0.697917 0.006250 0.008333
0 0.535937 0.691667 0.006250 0.008333
0 0.531250 0.700000 0.006250 0.008333
0 0.532813 0.710417 0.006250 0.008333
0 0.518750 0.720833 0.006250 0.008333
0 0.557813 0.708333 0.006250 0.008333
0 0.562500 0.714583 0.006250 0.008333
0 0.578125 0.689583 0.006250 0.008333
0 0.581250 0.693750 0.006250 0.008333
0 0.592187 0.693750 0.006250 0.008333
0 0.603125 0.691667 0.006250 0.008333
0 0.607812 0.697917 0.006250 0.008333
0 0.612500 0.710417 0.006250 0.008333
0 0.623437 0.706250 0.006250 0.008333
0 0.585938 0.733333 0.006250 0.008333
0 0.578125 0.727083 0.006250 0.008333
0 0.564063 0.741667 0.006250 0.008333
0 0.557813 0.741667 0.006250 0.008333
0 0.539062 0.750000 0.012500 0.016667
0 0.548438 0.779167 0.012500 0.016667
0 0.431250 0.739583 0.006250 0.008333
0 0.426563 0.706250 0.006250 0.008333
0 0.395313 0.700000 0.006250 0.008333
0 0.392188 0.635417 0.006250 0.008333
0 0.359375 0.708333 0.006250 0.008333
0 0.357812 0.704167 0.006250 0.008333
0 0.351562 0.650000 0.006250 0.008333
0 0.339062 0.637500 0.006250 0.008333
0 0.300000 0.654167 0.006250 0.008333
0 0.307812 0.670833 0.006250 0.008333