0 0.992969 0.772917 0.010937 0.016667
0 0.950000 0.768750 0.012500 0.016667
0 0.942187 0.760417 0.012500 0.016667
0 0.967187 0.837500 0.012500 0.016667
0 0.956250 0.841667 0.012500 0.016667
0 0.948438 0.852083 0.012500 0.016667
0 0.940625 0.829167 0.012500 0.016667
0 0.921875 0.852083 0.012500 0.016667
0 0.903125 0.889583 0.012500 0.016667
0 0.831250 0.766667 0.012500 0.016667
0 0.831250 0.675000 0.006250 0.008333
0 0.820312 0.712500 0.006250 0.008333
0 0.803125 0.687500 0.006250 0.008333
0 0.796875 0.677083 0.006250 0.008333
0 0.757812 0.654167 0.006250 0.008333
0 0.746875 0.650000 0.006250 0.008333
0 0.762500 0.706250 0.006250 0.008333
0 0.740625 0.737500 0.006250 0.008333
0 0.726562 0.747917 0.006250 0.008333
0 0.781250 0.850000 0.012500 0.016667
0 0.734375 0.841667 0.012500 0.016667
0 0.728125 0.816667 0.012500 0.016667
0 0.715625 0.666667 0.006250 0.008333
0 0.703125 0.650000 0.006250 0.008333
0 0.690625 0.658333 0.006250 0.008333
0 0.696875 0.716667 0.006250 0.008333
0 0.678125 0.743750 0.006250 0.008333
0 0.682813 0.756250 0.012500 0.016667
0 0.675000 0.756250 0.012500 0.016667
0 0.676562 0.766667 0.012500 0.016667
0 0.650000 0.743750 0.006250 0.008333
0 0.650000 0.775000 0.012500 0.016667
0 0.640625 0.770833 0.012500 0.016667
0 0.656250 0.681250 0.006250 0.008333
0 0.642188 0.672917 0.006250 0.008333
0 0.612500 0.660417 0.006250 0.008333
0 0.609375 0.652083 0.006250 0.008333
0 0.589063 0.645833 0.006250 0.008333
0 0.584375 0.656250 0.006250 0.008333
0 0.559375 0.650000 0.006250 0.008333
0 0.628125 0.687500 0.006250 0.008333
0 0.628125 0.700000 0.006250 0.008333
0 0.621875 0.708333 0.006250 0.008333
0 0.617188 0.708333 0.006250 0.008333
0 0.610938 0.706250 0.006250 0.008333
0 0.610938 0.700000 0.006250 0.008333
0 0.628125 0.735417 0.006250 0.008333
0 0.623437 0.727083 0.006250 0.008333
0 0.596875 0.689583 0.006250 0.008333
0 0.584375 0.695833 0.006250 0.008333
0 0.578125 0.693750 0.006250 0.008333
0 0.576562 0.718750 0.006250 0.008333
0 0.610938 0.739583 0.006250 0.008333
0 0.600000 0.739583 0.006250 0.008333
0 0.601562 0.756250 0.012500 0.016667
0 0.568750 0.739583 0.006250 0.008333
0 0.560937 0.714583 0.006250 0.008333
0 0.550000 0.697917 0.006250 0.008333
0 0.542188 0.697917 0.006250 0.008333
0 0.532813 0.695833 0.006250 0.008333
0 0.532813 0.706250 0.006250 0.008333
0 0.529687 0.714583 0.006250 0.008333
0 0.512500 0.687500 0.006250 0.008333
0 0.501563 0.647917 0.006250 0.008333
0 0.495312 0.652083 0.006250 0.008333
0 0.489063 0.654167 0.006250 0.008333
0 0.439063 0.650000 0.006250 0.008333
0 0.412500 0.647917 0.006250 0.008333
0 0.375000 0.635417 0.006250 0.008333
0 0.307812 0.672917 0.006250 0.008333
0 0.184375 0.706250 0.006250 0.008333
0 0.267188 0.750000 0.012500 0.016667
0 0.367188 0.700000 0.006250 0.008333
0 0.357812 0.708333 0.006250 0.008333
0 0.460938 0.670833 0.006250 0.008333
0 0.445312 0.677083 0.006250 0.008333
0 0.492188 0.685417 0.006250 0.008333
0 0.503125 0.691667 0.006250 0.008333
0 0.495312 0.695833 0.006250 0.008333
0 0.504687 0.706250 0.006250 0.008333
0 0.512500 0.718750 0.006250 0.008333
0 0.496875 0.716667 0.006250 0.008333
0 0.456250 0.710417 0.006250 0.008333
0 0.429688 0.741667 0.006250 0.008333
0 0.501563 0.745833 0.006250 0.008333
0 0.467187 0.747917 0.006250 0.008333
0 0.454688 0.758333 0.012500 0.016667
0 0.518750 0.779167 0.012500 0.016667
0 0.506250 0.785417 0.012500 0.016667
0 0.493750 0.775000 0.012500 0.016667
0 0.485938 0.775000 0.012500 0.016667
0 0.476562 0.772917 0.012500 0.016667