0 0.981250 0.702083 0.006250 0.008333
0 0.920312 0.681250 0.006250 0.008333
0 0.912500 0.720833 0.006250 0.008333
0 0.893750 0.716667 0.006250 0.008333
0 0.926562 0.766667 0.012500 0.016667
0 0.964063 0.839583 0.012500 0.016667
0 0.956250 0.843750 0.012500 0.016667
0 0.921875 0.852083 0.012500 0.016667
0 0.831250 0.770833 0.012500 0.016667
0 0.817187 0.802083 0.012500 0.016667
0 0.831250 0.677083 0.006250 0.008333
0 0.793750 0.643750 0.006250 0.008333
0 0.801562 0.685417 0.006250 0.008333
0 0.782813 0.720833 0.006250 0.008333
0 0.746875 0.654167 0.006250 0.008333
0 0.743750 0.633333 0.006250 0.008333
0 0.734375 0.633333 0.006250 0.008333
0 0.700000 0.650000 0.006250 0.008333
0 0.715625 0.662500 0.006250 0.008333
0 0.715625 0.675000 0.006250 0.008333
0 0.695312 0.693750 0.006250 0.008333
0 0.700000 0.704167 0.006250 0.008333
0 0.700000 0.716667 0.006250 0.008333
0 0.726562 0.741667 0.006250 0.008333
0 0.637500 0.639583 0.006250 0.008333
0 0.643750 0.668750 0.006250 0.008333
0 0.653125 0.697917 0.006250 0.008333
0 0.657813 0.737500 0.006250 0.008333
0 0.609375 0.650000 0.006250 0.008333
0 0.614062 0.658333 0.006250 0.008333
0 0.623437 0.706250 0.006250 0.008333
0 0.617188 0.700000 0.006250 0.008333
0 0.609375 0.708333 0.006250 0.008333
0 0.606250 0.700000 0.006250 0.008333
0 0.596875 0.700000 0.006250 0.008333
0 0.587500 0.733333 0.006250 0.008333
0 0.575000 0.775000 0.012500 0.016667
0 0.632812 0.810417 0.012500 0.016667
0 0.629687 0.804167 0.012500 0.016667
0 0.629687 0.822917 0.012500 0.016667
0 0.618750 0.808333 0.012500 0.016667
0 0.553125 0.702083 0.006250 0.008333
0 0.548438 0.710417 0.006250 0.008333
0 0.545312 0.708333 0.006250 0.008333
0 0.542188 0.706250 0.006250 0.008333
0 0.535937 0.704167 0.006250 0.008333
0 0.529687 0.708333 0.006250 0.008333
0 0.532813 0.693750 0.006250 0.008333
0 0.540625 0.752083 0.012500 0.016667
0 0.518750 0.725000 0.006250 0.008333
0 0.582812 0.656250 0.006250 0.008333
0 0.560937 0.647917 0.006250 0.008333
0 0.554688 0.664583 0.006250 0.008333
0 0.539062 0.670833 0.006250 0.008333
0 0.534375 0.662500 0.006250 0.008333
0 0.525000 0.660417 0.006250 0.008333
0 0.515625 0.635417 0.006250 0.008333
0 0.501563 0.647917 0.006250 0.008333
0 0.496875 0.650000 0.006250 0.008333
0 0.489063 0.652083 0.006250 0.008333
0 0.507812 0.666667 0.006250 0.008333
0 0.514062 0.675000 0.006250 0.008333
0 0.510938 0.687500 0.006250 0.008333
0 0.492188 0.685417 0.006250 0.008333
0 0.498437 0.718750 0.006250 0.008333
0 0.482812 0.781250 0.012500 0.016667
0 0.456250 0.756250 0.012500 0.016667
0 0.475000 0.687500 0.006250 0.008333
0 0.476562 0.693750 0.006250 0.008333
0 0.476562 0.664583 0.006250 0.008333
0 0.450000 0.631250 0.006250 0.008333
0 0.414062 0.641667 0.006250 0.008333
0 0.335938 0.639583 0.006250 0.008333
0 0.351562 0.652083 0.006250 0.008333
0 0.306250 0.672917 0.006250 0.008333
0 0.253125 0.660417 0.006250 0.008333
0 0.100000 0.704167 0.006250 0.008333
0 0.064062 0.722917 0.006250 0.008333
0 0.445312 0.679167 0.006250 0.008333
0 0.442188 0.666667 0.006250 0.008333
0 0.432812 0.664583 0.006250 0.008333
0 0.423438 0.664583 0.006250 0.008333
0 0.437500 0.704167 0.006250 0.008333
0 0.401562 0.714583 0.006250 0.008333
0 0.387500 0.720833 0.006250 0.008333
0 0.379688 0.722917 0.006250 0.008333
0 0.345313 0.720833 0.006250 0.008333
0 0.310937 0.718750 0.006250 0.008333