0 0.932813 0.645833 0.006250 0.008333
0 0.971875 0.781250 0.012500 0.016667
0 0.960938 0.777083 0.012500 0.016667
0 0.985938 0.862500 0.012500 0.016667
0 0.964063 0.841667 0.012500 0.016667
0 0.921875 0.852083 0.012500 0.016667
0 0.912500 0.722917 0.006250 0.008333
0 0.895312 0.716667 0.006250 0.008333
0 0.875000 0.683333 0.006250 0.008333
0 0.826562 0.681250 0.006250 0.008333
0 0.792188 0.641667 0.006250 0.008333
0 0.743750 0.633333 0.006250 0.008333
0 0.732812 0.635417 0.006250 0.008333
0 0.746875 0.654167 0.006250 0.008333
0 0.804688 0.685417 0.006250 0.008333
0 0.815625 0.804167 0.012500 0.016667
0 0.726562 0.745833 0.006250 0.008333
0 0.715625 0.664583 0.006250 0.008333
0 0.714063 0.672917 0.006250 0.008333
0 0.698438 0.695833 0.006250 0.008333
0 0.703125 0.704167 0.006250 0.008333
0 0.698438 0.718750 0.006250 0.008333
0 0.667188 0.656250 0.006250 0.008333
0 0.632812 0.652083 0.006250 0.008333
0 0.642188 0.670833 0.006250 0.008333
0 0.654687 0.700000 0.006250 0.008333
0 0.657813 0.741667 0.006250 0.008333
0 0.632812 0.756250 0.012500 0.016667
0 0.631250 0.806250 0.012500 0.016667
0 0.628125 0.804167 0.012500 0.016667
0 0.629687 0.820833 0.012500 0.016667
0 0.615625 0.806250 0.012500 0.016667
0 0.609375 0.652083 0.006250 0.008333
0 0.615625 0.660417 0.006250 0.008333
0 0.621875 0.708333 0.006250 0.008333
0 0.617188 0.700000 0.006250 0.008333
0 0.610938 0.708333 0.006250 0.008333
0 0.609375 0.700000 0.006250 0.008333
0 0.596875 0.697917 0.006250 0.008333
0 0.581250 0.656250 0.006250 0.008333
0 0.559375 0.652083 0.006250 0.008333
0 0.551562 0.664583 0.006250 0.008333
0 0.539062 0.670833 0.006250 0.008333
0 0.528125 0.660417 0.006250 0.008333
0 0.517188 0.635417 0.006250 0.008333
0 0.585938 0.733333 0.006250 0.008333
0 0.564063 0.708333 0.006250 0.008333
0 0.559375 0.714583 0.006250 0.008333
0 0.546875 0.704167 0.006250 0.008333
0 0.534375 0.691667 0.006250 0.008333
0 0.534375 0.708333 0.006250 0.008333
0 0.529687 0.708333 0.006250 0.008333
0 0.540625 0.752083 0.012500 0.016667
0 0.523438 0.722917 0.006250 0.008333
0 0.500000 0.647917 0.006250 0.008333
0 0.496875 0.650000 0.006250 0.008333
0 0.490625 0.654167 0.006250 0.008333
0 0.507812 0.666667 0.006250 0.008333
0 0.512500 0.677083 0.006250 0.008333
0 0.512500 0.685417 0.006250 0.008333
0 0.510938 0.691667 0.006250 0.008333
0 0.493750 0.689583 0.006250 0.008333
0 0.475000 0.664583 0.006250 0.008333
0 0.451562 0.633333 0.006250 0.008333
0 0.414062 0.641667 0.006250 0.008333
0 0.425000 0.664583 0.006250 0.008333
0 0.432812 0.664583 0.006250 0.008333
0 0.442188 0.666667 0.006250 0.008333
0 0.445312 0.679167 0.006250 0.008333
0 0.476562 0.685417 0.006250 0.008333
0 0.476562 0.693750 0.006250 0.008333
0 0.485938 0.779167 0.012500 0.016667
0 0.500000 0.716667 0.006250 0.008333
0 0.454688 0.758333 0.012500 0.016667
0 0.437500 0.704167 0.006250 0.008333
0 0.404687 0.714583 0.006250 0.008333
0 0.389062 0.718750 0.006250 0.008333
0 0.381250 0.725000 0.006250 0.008333
0 0.345313 0.720833 0.006250 0.008333
0 0.351562 0.650000 0.006250 0.008333
0 0.339062 0.641667 0.006250 0.008333
0 0.307812 0.670833 0.006250 0.008333
0 0.309375 0.716667 0.006250 0.008333
0 0.253125 0.660417 0.006250 0.008333
0 0.100000 0.706250 0.006250 0.008333
0 0.064062 0.725000 0.006250 0.008333