0 0.65 0.59765625 0.10859375 0.16875
0 0.7703125 0.6453125 0.121875 0.184375
0 0.92265625 0.70078125 0.153125 0.22890625
0 0.5859375 0.78984375 0.1125 0.1828125
0 0.70390625 0.87265625 0.13203125 0.2171875
0 0.8625 0.921875 0.159375 0.15625
0 0.759375 0.2484375 0.09921875 0.14140625
0 0.88046875 0.2515625 0.11796875 0.1703125
0 0.9796875 0.26015625 0.040625 0.1609375
0 0.70859375 0.41171875 0.1125 0.1609375
0 0.83046875 0.4390625 0.12109375 0.17421875
0 0.95234375 0.46953125 0.09453125 0.20234375